0 140 150 114 5 222 8 225 255 123 115 181 191 19 244 177 313 110 99 326
0 260 150 114 5 222 227 309 54 123 231 160 92 93 61 292 326
0 275 150 105 251 137 194 205 171 168 115 181 191 19 244 177 313 210 97 326
0 260 150 114 188 222 227 309 121 123 45 181 191 19 50 187 313 311 99 326
0 275 150 114 5 222 8 229 255 123 231 160 92 93 61 292 326
0 140 104 290 158 149 8 229 255 123 45 160 191 19 50 247 61 292 326
0 140 163 238 8 225 255 123 115 160 191 19 244 177 313 96 212 166 326
0 140 163 238 8 225 255 123 231 160 191 19 244 177 313 96 212 292 326
0 140 104 290 209 58 8 229 255 123 231 160 191 19 50 187 61 292 326
0 140 163 238 8 225 255 123 231 160 92 93 38 287 326
0 140 271 180 163 114 8 309 121 123 231 41 269 19 50 187 61 292 326
0 140 271 180 158 149 8 229 255 123 45 160 92 93 61 292 326
0 275 163 238 8 225 255 123 45 181 191 19 50 187 313 311 212 326
0 140 163 238 8 309 121 123 231 41 221 160 191 19 50 177 38 110 212 292 326
0 140 104 114 188 222 227 309 121 123 49 160 191 19 244 88 313 210 212 326
0 140 163 238 5 222 8 225 255 123 231 160 191 19 50 323 61 292 326
0 140 104 290 209 58 8 309 121 123 231 160 191 19 50 187 61 292 326
0 140 150 114 5 222 227 309 54 123 45 160 92 93 61 292 326
0 275 150 114 188 222 227 309 121 123 49 160 92 93 61 292 326
0 275 150 114 5 222 227 309 54 123 45 181 211 321 279 302 84 59 326
0 140 150 114 5 222 227 309 121 123 115 160 92 93 61 292 326
0 140 104 290 158 149 8 225 255 123 231 160 92 175 279 302 161 326
0 140 104 290 158 149 8 225 255 123 115 160 92 93 61 166 326
0 140 104 290 209 58 8 309 305 123 115 181 191 19 50 323 61 292 326
0 140 150 105 188 222 227 309 121 123 49 160 92 93 61 292 326
0 140 226 180 158 149 8 309 54 123 115 181 191 19 244 177 313 311 212 326
0 140 104 290 209 58 8 229 255 123 45 160 191 19 50 323 313 210 97 326
0 275 163 114 8 309 54 123 115 181 191 19 50 187 61 292 326
0 140 271 180 158 149 8 225 255 123 314 168 45 160 92 93 38 311 212 326
0 140 150 114 5 222 227 309 54 123 45 181 191 19 92 175 279 302 161 326
0 140 163 238 5 222 8 225 255 123 115 160 92 93 61 292 326
0 140 150 114 188 222 227 309 121 123 45 160 92 93 61 292 326
0 260 226 180 209 173 8 229 255 123 115 181 191 19 244 177 313 210 212 326
0 140 163 238 8 225 255 123 115 160 92 93 61 292 326
0 140 163 114 8 309 121 123 231 160 92 93 61 166 326
0 140 271 180 75 173 8 229 255 123 231 160 92 93 61 166 326
0 140 226 180 75 173 8 225 255 123 115 181 191 19 50 247 313 210 97 326
0 275 163 238 5 222 8 229 255 123 314 168 82 6 12 216 279 302 84 124 326
0 260 226 180 158 58 8 229 255 123 231 160 92 93 61 166 326
0 140 163 114 8 309 121 123 231 41 33 289 50 187 61 292 326
0 140 104 290 158 149 8 229 255 123 231 160 92 93 38 96 212 292 326
0 140 226 180 158 58 8 225 255 123 45 160 92 93 61 292 326
0 275 163 114 209 58 8 229 255 123 115 160 191 19 244 177 72 210 97 326
0 275 163 238 8 309 121 123 45 160 92 93 61 166 326
0 140 163 114 8 309 54 123 115 160 92 93 61 292 326
0 275 163 238 234 222 227 309 121 123 231 160 92 93 61 292 326
0 140 163 114 8 309 54 123 231 160 92 93 61 166 326
0 140 163 114 234 222 8 229 255 123 231 41 324 19 50 247 61 292 326
0 260 226 180 162 235 158 149 8 229 255 123 115 160 191 19 50 247 61 292 326
0 140 104 290 209 173 8 225 255 123 115 181 191 19 50 246 313 210 99 292 326
0 140 104 290 158 149 8 229 255 123 45 181 191 19 50 187 61 292 326
0 140 271 180 209 128 227 309 54 123 231 160 92 93 61 292 326
0 140 150 114 5 222 227 309 54 123 45 160 92 93 61 166 326
0 275 163 238 8 225 255 123 231 160 191 19 50 323 61 166 326
0 275 163 238 8 225 255 123 231 160 191 19 50 323 61 292 326
0 140 150 114 5 222 227 309 121 123 115 160 92 93 61 292 326
0 140 104 290 158 58 8 309 305 123 115 181 191 19 50 246 72 210 212 326
0 140 104 290 158 149 8 229 255 123 115 160 92 93 61 292 326
0 140 163 238 8 225 255 123 45 181 191 19 50 187 61 292 326
0 140 104 290 158 149 8 229 255 123 45 160 191 19 244 177 313 110 212 166 326
0 140 104 290 158 58 8 229 255 123 45 160 191 19 50 247 72 210 212 326
0 140 163 238 209 58 8 225 255 123 231 160 92 93 38 311 212 326
0 275 163 238 8 309 121 123 49 160 92 93 61 166 326
0 140 271 180 158 149 8 225 255 123 45 181 191 19 50 323 61 292 326
0 260 150 114 5 222 227 309 121 123 49 160 191 19 50 187 61 292 326
0 260 226 180 158 149 8 229 255 123 45 160 191 19 50 247 61 292 326
0 140 104 105 234 222 8 225 305 123 45 181 191 19 50 246 72 210 212 326
0 260 226 180 158 149 8 225 255 123 115 160 92 93 38 287 326
0 260 226 180 158 58 8 309 121 123 115 160 92 175 279 302 84 59 326
0 140 163 238 8 309 121 123 115 181 191 19 50 187 61 166 326
0 140 104 290 209 173 8 225 255 123 115 160 92 175 279 302 161 326
0 140 271 180 75 173 8 309 305 123 45 160 191 19 50 247 38 287 326
0 140 150 114 234 222 227 309 305 123 231 160 92 93 38 287 326
0 275 226 180 75 149 8 225 255 123 231 160 92 93 61 292 326
0 140 150 114 188 222 227 309 54 123 231 160 92 93 61 292 326
0 140 104 290 209 58 8 229 255 123 115 160 92 93 38 96 61 292 326
0 275 163 238 8 225 255 123 45 181 191 19 50 247 61 292 326
0 275 226 180 209 58 8 309 305 123 115 160 191 19 50 177 313 210 97 326
0 140 163 114 8 309 121 123 45 181 191 19 50 323 61 166 326
0 140 104 290 158 149 8 229 255 123 115 160 92 93 61 292 326
0 140 104 290 209 173 8 229 255 123 115 160 92 93 61 292 326
0 275 163 238 8 225 255 123 231 160 92 93 61 292 326
0 140 163 238 5 222 8 229 255 123 231 160 92 93 61 292 326
0 140 163 238 8 225 255 123 45 181 211 321 279 302 161 326
0 275 163 114 5 222 8 225 255 123 231 160 191 19 50 323 313 210 97 326
0 140 104 290 158 149 8 309 54 123 115 160 191 19 244 177 313 210 97 326
0 157 252 266 270 60 194 205 171 168 115 160 92 175 279 302 161 326
0 275 150 114 5 222 8 229 255 123 231 41 213 164 244 177 313 110 99 326
0 140 163 238 8 225 255 123 45 181 191 19 50 246 313 110 61 166 326
0 140 271 180 162 235 158 58 8 229 255 123 45 160 92 93 61 292 326
0 140 104 114 188 222 227 309 121 123 45 160 92 93 61 292 326
0 140 104 114 188 222 227 309 54 123 231 41 221 19 50 187 61 292 326
0 140 104 290 158 149 8 229 255 123 115 160 92 93 61 292 326
0 275 150 114 5 222 227 309 121 123 45 181 191 19 50 246 72 311 61 292 326
0 140 104 290 209 173 8 309 54 123 115 160 92 93 61 166 326
0 140 271 180 280 65 142 310 7 145 293 156 13 164 50 187 61 292 326
0 275 226 180 158 173 8 229 255 123 45 181 191 19 50 88 313 210 97 326
0 140 104 290 209 173 8 225 255 123 115 181 191 19 50 187 61 166 326
0 140 104 290 209 173 8 229 255 123 231 160 92 93 61 292 326
0 140 163 114 8 309 54 123 45 181 211 321 279 302 84 59 326
