0 492 431 509 167 349 193 598 584 406 248 204 437 612
0 285 162 55 496 192 499 326 547 481 530 46 612
0 279 431 136 75 33 11 403 141 370 612
0 492 431 91 28 418 193 541 448 53 39 156 612
0 503 294 237 607 418 193 99 113 485 230 204 612
0 503 210 506 607 540 250 340 277 46 612
0 503 69 91 233 540 250 166 141 12 612
0 503 294 239 15 45 377 556 424 555 530 612
0 346 311 506 371 461 543 535 447 144 182 116 612
0 503 311 569 75 524 194 450 341 83 612
0 503 210 136 218 349 194 450 248 397 612
0 346 294 136 218 349 118 450 3 397 612
0 285 393 562 80 148 233 541 245 225 14 204 612
0 346 176 47 294 91 28 349 193 541 172 340 381 46 612
0 492 431 91 607 540 11 450 341 83 612
0 503 311 253 218 474 531 265 262 485 14 156 612
0 503 431 136 167 267 581 375 315 403 3 370 18 612
0 285 303 366 15 89 11 403 248 501 612
0 346 311 123 159 603 233 540 206 513 277 501 612
0 492 200 64 80 170 193 265 561 403 286 373 560 612
0 285 162 90 496 192 70 507 96 556 273 402 612
0 346 294 136 15 418 11 450 214 397 560 612
0 279 162 90 502 7 173 153 538 434 488 93 319 240 612
0 503 311 253 218 33 250 369 583 67 612
0 346 69 506 233 61 194 99 347 458 161 350 219 464 437 612
0 285 303 366 607 540 250 403 286 67 518 612
0 503 210 239 15 418 278 535 520 12 518 612
0 285 303 136 607 349 193 288 262 485 39 156 612
0 346 294 506 155 89 11 166 214 67 560 612
0 492 431 506 151 399 27 541 448 53 583 410 612
0 346 69 91 155 89 194 450 214 12 323 240 612
0 346 294 506 15 61 194 450 341 83 612
0 346 311 123 159 49 218 87 23 251 301 269 587 295 219 464 437 612
0 492 578 136 80 148 278 598 122 225 181 261 612
0 346 69 91 143 49 193 541 172 513 277 46 612
0 492 431 136 167 267 65 58 533 236 104 43 129 295 517 464 612
0 503 431 506 167 183 27 369 172 59 436 612
0 503 294 136 218 349 122 450 141 67 612
0 285 162 55 496 440 316 468 250 369 583 397 612
0 285 162 562 80 237 193 541 113 53 39 528 612
0 346 69 123 233 33 122 450 3 397 612
0 285 162 64 80 170 278 369 520 388 530 612
0 346 69 506 28 61 193 99 262 400 436 612
0 279 431 76 9 603 218 89 11 450 214 59 425 373 497 612
0 285 303 199 607 56 11 450 286 397 518 612
0 346 294 506 28 418 278 541 561 485 248 261 437 612
0 279 162 90 573 192 588 326 447 101 483 276 444 612
0 492 431 136 351 418 543 535 538 388 583 410 612
0 492 431 91 75 183 194 450 141 67 612
0 503 69 123 15 170 193 265 245 225 195 350 609 464 612
0 285 57 55 234 7 271 322 150 475 483 276 444 612
0 279 431 509 80 170 193 541 206 166 141 370 612
0 492 200 123 167 170 27 541 113 485 230 204 612
0 346 200 569 151 399 27 338 250 340 286 368 612
0 346 69 237 155 375 250 340 286 397 560 612
0 279 303 199 496 192 316 312 206 166 583 501 612
0 503 294 237 607 540 11 369 141 67 612
0 503 210 506 75 89 11 166 214 12 530 612
0 503 294 239 244 462 206 166 594 373 612
0 492 200 136 151 418 306 375 250 513 214 397 497 612
0 492 578 136 151 349 581 375 315 53 583 370 612
0 285 162 562 80 170 306 541 245 251 601 405 604 464 437 612
0 346 431 199 80 108 75 61 11 369 561 53 436 402 612
0 503 69 237 607 89 11 166 141 370 612
0 346 200 569 159 170 193 288 561 485 425 402 612
0 492 431 562 80 467 27 338 172 513 566 12 18 612
0 279 431 509 151 524 282 33 23 515 516 43 229 295 517 305 612
0 285 303 343 234 345 595 312 335 513 273 397 302 612
0 279 303 136 607 33 531 265 584 53 248 373 612
0 346 431 91 607 524 194 450 113 400 381 612
0 285 303 562 337 534 466 2 206 166 273 402 612
0 346 69 237 371 540 11 450 561 340 583 46 612
0 285 162 562 80 170 581 541 561 485 436 501 612
0 285 303 562 15 61 278 369 214 12 302 612
0 279 431 509 151 148 27 375 561 53 39 528 612
0 492 431 506 607 89 250 513 583 410 612
0 503 210 91 28 524 193 328 315 53 594 402 612
0 279 303 64 80 467 278 541 118 450 3 83 612
0 492 578 199 80 148 155 338 457 555 277 364 612
0 279 303 136 159 524 282 375 198 556 273 67 530 612
0 492 200 509 151 524 278 598 122 227 601 405 604 464 437 612
0 211 57 90 573 345 588 326 447 144 323 240 612
0 503 294 366 74 468 206 166 594 397 612
0 279 303 136 28 524 278 142 561 403 436 370 612
0 285 57 90 496 440 466 312 447 144 268 314 444 240 612
0 492 431 123 75 399 11 450 601 458 39 570 494 612
0 346 69 91 371 399 194 450 214 59 518 612
0 346 69 239 74 89 11 403 566 12 302 612
0 346 69 239 75 33 193 99 113 485 39 204 612
0 492 431 91 75 56 11 369 566 67 18 612
0 346 69 91 607 540 250 403 3 501 612
0 285 393 562 80 170 278 535 520 59 277 364 612
0 346 393 562 80 148 306 369 172 388 425 410 612
0 279 162 64 80 148 36 338 172 59 277 46 612
0 279 40 417 80 170 282 375 198 434 483 304 444 612
0 503 311 253 218 33 250 369 262 485 436 364 612
0 492 431 91 151 56 193 541 584 225 39 204 612
0 346 69 91 607 399 27 265 584 485 248 370 612
0 279 303 562 15 418 543 535 214 59 323 116 612
0 503 311 253 75 524 194 450 286 368 612
0 492 431 569 28 49 581 541 122 406 341 83 612
0 346 69 123 607 89 11 166 141 368 302 612
0 285 303 562 351 418 194 450 248 397 612
0 492 200 123 151 183 193 99 262 406 230 528 612
0 503 294 237 155 468 206 513 277 364 612
0 346 69 239 371 33 11 403 583 397 612
0 503 210 237 233 598 561 403 248 501 612
0 346 294 366 371 183 194 450 262 406 425 402 612
0 285 162 562 80 440 74 462 543 535 566 555 182 304 444 612
0 503 311 253 218 183 194 369 448 67 518 612
0 285 303 343 496 507 499 522 538 144 182 402 612
0 285 303 136 151 349 531 99 584 485 3 410 612
0 346 431 569 151 148 155 89 315 403 277 370 612
0 279 303 136 28 418 278 375 561 53 230 115 105 464 612
0 492 431 136 75 418 27 338 379 284 141 67 612
0 279 162 55 573 440 74 33 194 450 341 83 612
0 503 210 123 151 524 193 288 359 53 594 261 105 305 612
0 346 311 506 351 399 193 99 262 485 248 528 612
0 492 431 91 607 418 27 265 561 403 583 368 612
0 503 311 91 28 349 581 598 122 53 594 528 612
0 492 578 136 151 524 27 535 520 481 500 116 444 612
0 503 69 91 371 183 306 375 561 53 195 115 587 464 437 612
0 492 431 136 351 170 581 288 262 485 230 115 609 464 612
0 346 311 506 75 89 11 166 566 388 381 612
0 503 294 237 218 33 118 450 286 397 302 612
0 346 431 136 159 49 218 103 241 270 196 574 587 295 517 305 612
0 492 200 123 28 148 27 453 250 340 583 410 612
0 346 311 506 159 603 282 540 198 284 483 304 444 612
0 503 431 509 167 603 581 33 118 450 561 485 594 410 612
0 503 294 199 80 253 218 61 11 450 566 400 277 501 612
0 503 69 136 607 418 543 535 520 388 530 612
0 285 393 562 80 467 278 2 11 99 561 485 341 261 612
0 503 294 239 75 89 250 403 583 370 612
0 503 200 123 151 183 193 99 113 485 230 204 612
0 503 210 237 233 474 241 515 584 225 14 156 612
0 492 578 417 558 253 282 89 250 513 583 370 612
0 503 69 366 74 461 11 369 113 406 39 115 437 612
0 285 303 343 496 345 588 326 447 340 583 370 612
0 503 69 91 371 61 194 99 262 400 277 370 612
0 285 393 562 80 170 581 265 315 53 3 261 105 464 612
0 492 431 91 28 399 27 288 315 406 248 528 612
0 285 303 562 15 61 36 535 538 481 182 276 612
0 279 57 90 496 192 588 312 538 284 141 12 612
0 492 200 64 80 467 282 598 315 53 341 156 612
0 503 69 569 28 148 233 598 315 53 248 261 105 464 612
0 492 200 123 159 524 581 288 315 53 248 370 612
0 503 210 91 151 61 278 541 113 53 436 370 612
0 503 311 136 151 524 27 375 113 485 195 570 105 305 612
0 346 311 506 371 524 531 99 359 405 230 612
0 503 210 91 371 33 194 369 561 485 14 115 437 612
0 503 311 569 75 524 531 328 347 325 472 477 219 464 437 612
0 492 431 123 151 524 27 535 520 388 518 612
0 279 303 136 607 418 193 99 113 406 594 46 612
0 492 431 91 75 524 531 99 44 458 229 477 219 464 437 612
0 492 200 136 151 56 193 598 315 403 277 370 612
0 503 69 91 75 540 278 598 315 406 594 373 612
0 346 311 123 607 89 11 450 3 83 612
0 492 431 136 15 56 36 375 561 53 14 528 612
0 503 311 91 607 540 11 166 566 370 612
0 503 294 239 74 453 206 340 583 397 612
0 492 200 123 28 183 194 450 3 397 612
0 503 210 237 15 45 377 556 273 12 18 612
0 279 162 562 80 239 218 349 531 99 113 485 277 501 612
0 492 431 506 151 399 27 369 561 53 14 204 612
0 285 162 55 234 111 70 507 595 326 538 388 436 612
0 503 311 253 218 33 315 403 594 368 612
0 211 568 365 571 124 70 32 173 585 268 266 16 240 612
0 503 210 239 15 462 97 476 520 400 436 612
0 492 200 569 151 524 278 535 520 388 436 612
0 346 294 239 15 453 206 403 583 46 612
0 211 57 55 496 192 171 468 198 556 583 397 612
0 279 162 562 80 237 155 142 198 284 273 397 421 612
0 346 294 239 155 89 206 556 483 276 444 612
0 285 393 562 80 148 27 338 457 388 381 612
0 503 294 366 607 33 531 450 448 397 530 612
0 279 57 90 234 345 271 160 580 475 500 304 444 612
0 503 431 136 75 183 194 288 286 485 381 46 612
0 503 294 239 351 461 543 369 172 555 425 410 612
0 285 303 366 15 461 543 369 561 403 248 46 612
0 503 294 237 351 461 543 369 315 403 214 400 425 501 612
0 503 431 123 75 183 193 99 584 403 3 410 612
0 285 303 136 151 349 531 450 359 53 3 261 508 305 612
0 503 311 253 218 89 11 403 594 46 612
0 285 303 562 15 56 193 265 113 485 39 156 612
0 211 57 536 212 255 70 507 379 476 133 59 436 612
0 492 200 569 28 183 193 541 262 485 425 501 612
0 492 200 123 28 399 193 541 206 556 214 397 560 612
0 346 69 506 495 348 572 296 347 458 422 115 437 612
0 492 200 136 159 170 282 453 250 340 583 501 612
0 492 431 76 80 170 278 535 520 555 530 612
0 503 311 123 159 349 193 288 584 485 248 370 612
0 503 210 237 74 468 96 535 538 388 436 612
0 346 176 76 167 49 155 540 11 403 566 370 612
0 285 162 90 573 345 271 117 150 110 551 292 500 304 444 612
0 503 431 123 75 33 531 450 113 67 436 612
0 503 210 237 233 598 315 53 248 501 612
0 492 431 562 80 440 15 453 250 340 277 501 612
0 346 69 237 233 598 561 53 248 370 612
0 503 294 237 155 468 96 556 566 67 560 612
0 285 303 343 234 345 595 160 173 585 184 266 319 240 612
0 346 294 136 155 540 194 450 248 397 612
0 346 69 237 233 142 250 166 248 410 612
0 492 578 199 80 253 218 87 23 469 576 269 229 295 219 464 437 612
0 279 162 55 337 192 171 312 198 284 273 116 319 240 612
0 503 294 239 155 142 250 403 566 368 302 612
0 285 303 136 607 183 581 99 584 406 425 46 612
0 503 69 506 28 148 278 453 198 340 425 501 612
0 279 162 562 80 239 244 468 250 369 273 555 18 612
0 285 393 562 80 148 278 369 172 59 436 612
0 285 162 562 80 148 155 338 457 555 277 364 612
0 285 162 562 80 170 306 461 538 284 273 12 302 612
0 503 69 237 371 399 11 450 113 59 436 612
0 285 303 366 15 61 581 375 245 450 286 83 494 612
0 285 303 562 15 399 282 265 561 53 230 115 609 464 612
0 503 69 237 75 540 278 453 315 403 436 501 612
0 492 578 136 151 524 278 265 584 485 248 156 437 612
0 346 69 506 607 89 11 403 286 373 494 612
0 503 69 366 74 89 11 403 3 373 612
0 285 162 64 80 237 282 541 315 403 286 368 612
0 503 210 239 607 540 250 403 248 410 612
0 492 200 47 537 596 606 58 175 132 435 269 587 295 517 305 612
0 503 311 253 218 61 27 598 315 340 583 46 612
0 503 210 506 75 33 194 450 286 83 494 612
0 346 294 237 371 399 27 288 561 485 277 364 612
0 492 578 64 80 237 193 541 245 225 181 570 587 295 219 464 437 612
0 279 393 562 80 108 371 461 543 375 206 340 277 402 612
0 503 69 562 80 467 278 338 206 513 277 364 612
0 211 57 55 234 215 466 540 11 403 141 402 612
0 503 294 237 371 399 193 288 113 485 230 204 612
0 346 294 91 282 33 122 450 141 67 612
0 279 393 64 80 170 193 541 561 53 39 204 612
0 492 431 199 80 467 155 2 206 340 273 397 530 612
0 346 69 239 351 540 278 535 520 555 530 612
0 211 57 55 234 192 316 468 379 284 273 397 302 612
0 503 210 239 244 462 379 434 566 397 497 612
0 492 200 569 294 91 218 61 27 598 561 406 14 261 612
0 346 69 506 151 56 27 265 584 225 195 156 612
0 503 69 237 74 418 194 288 347 469 195 261 612
0 503 431 123 28 56 27 142 250 166 566 370 612
0 285 303 199 15 56 27 535 520 388 518 612
0 492 431 91 607 33 531 99 561 340 141 370 612
0 492 200 123 151 349 193 99 561 53 39 204 612
0 492 200 136 28 399 278 375 262 485 425 501 612
0 279 303 136 607 89 250 166 566 368 497 612
0 346 311 123 218 183 11 369 566 67 497 612
0 503 311 253 75 89 11 166 214 400 497 612
0 285 303 562 15 418 543 535 538 101 483 402 612
0 346 431 569 151 56 193 288 262 225 195 373 612
0 492 578 64 80 170 27 288 561 340 273 116 518 612
0 279 431 136 351 418 581 541 262 485 341 368 612
0 492 200 509 151 148 36 535 133 144 184 314 444 240 612
0 503 431 91 167 524 278 265 315 485 3 410 612
0 279 162 55 337 534 316 312 447 475 182 276 612
0 492 431 91 607 61 194 450 594 397 612
0 492 200 76 80 170 155 540 96 476 566 555 594 528 612
0 503 311 123 75 33 531 450 262 406 248 373 612
0 211 57 536 165 534 316 453 206 513 583 46 612
0 279 393 64 165 215 466 453 206 513 583 402 612
0 285 303 199 159 237 278 338 11 166 214 397 497 612
0 285 162 562 80 467 27 375 315 403 436 501 612
0 492 431 123 28 56 278 598 122 53 3 373 612
0 285 162 562 80 467 27 541 118 99 113 67 436 612
0 503 69 136 74 399 11 450 214 59 302 612
0 346 294 366 75 399 11 369 448 67 530 612
0 279 162 64 80 237 282 142 194 450 601 458 313 574 129 295 219 464 437 612
0 211 57 55 571 124 171 312 379 476 566 67 18 612
0 492 431 562 337 440 244 45 198 340 277 116 612
0 492 200 64 80 170 581 375 315 406 594 46 612
0 346 311 506 159 56 306 45 133 434 583 397 612
0 503 294 237 371 399 306 535 424 555 436 612
0 503 69 123 159 603 218 89 250 513 583 410 612
0 503 69 237 74 453 206 556 566 12 436 612
0 285 393 562 80 237 581 33 315 403 3 261 105 464 612
0 492 200 123 151 524 278 535 520 144 182 304 319 240 612
0 279 393 562 80 440 74 461 377 476 214 485 248 368 612
0 503 69 136 15 56 27 2 520 513 425 410 612
0 492 431 506 75 33 118 99 262 485 594 501 612
0 503 311 506 607 89 250 166 248 410 612
0 279 578 199 80 467 27 375 457 340 248 12 530 612
0 492 578 562 80 148 27 338 172 59 530 612
0 503 210 506 218 33 194 450 341 83 612
0 346 431 136 75 183 27 288 122 225 161 570 587 295 219 464 437 612
0 492 431 506 371 89 11 450 341 83 612
0 503 200 509 28 267 581 541 561 53 39 528 612
0 503 311 253 218 349 27 338 457 513 594 410 612
0 285 162 562 165 124 496 148 233 33 531 450 448 67 302 612
0 503 294 136 371 399 194 450 214 400 425 501 612
0 285 162 562 80 237 27 541 262 485 425 364 612
0 346 176 47 9 49 371 61 194 450 248 397 612
0 503 69 366 74 89 11 450 286 368 612
0 346 294 91 218 524 27 541 561 406 3 368 612
0 285 303 136 607 61 194 288 113 485 14 156 612
0 285 393 562 80 467 306 2 457 340 436 364 612
0 285 303 136 28 349 193 541 584 406 195 115 437 612
0 285 303 366 15 61 27 265 584 485 425 370 612
0 492 200 509 151 170 233 541 245 406 341 373 612
0 503 69 366 351 468 27 2 250 403 583 12 612
0 279 431 569 167 183 193 541 262 485 195 528 612
0 492 431 506 371 89 11 403 248 410 612
0 503 311 253 218 89 194 450 448 555 436 612
0 285 162 562 80 170 278 265 122 53 594 501 612
0 279 303 562 496 192 480 326 447 475 182 304 444 612
0 503 294 366 74 540 194 99 347 458 226 570 517 305 612
0 279 303 199 607 56 194 450 584 53 341 528 612
0 492 431 569 159 170 193 288 315 485 248 370 612
0 211 57 90 337 192 480 326 547 307 323 240 612
0 346 69 239 607 524 194 328 601 405 229 295 219 464 437 612
0 492 431 123 75 89 194 450 3 83 612
0 346 69 506 15 56 11 450 3 83 612
0 503 294 506 75 89 11 166 141 368 497 612
0 503 294 506 233 33 206 522 133 59 436 612
0 346 311 506 75 89 250 513 141 370 612
0 346 200 47 558 348 606 154 60 372 44 405 230 612
0 285 393 64 80 237 233 33 118 450 286 83 508 464 612
0 279 162 90 573 42 244 45 250 403 594 402 612
0 346 311 506 371 33 194 450 248 397 612
0 346 69 123 371 183 531 99 286 67 497 612
0 503 311 253 218 524 531 328 44 458 226 570 494 612
0 285 303 366 607 33 194 450 341 83 612
0 346 311 569 607 56 250 369 286 67 14 261 612
0 346 69 237 351 61 193 598 11 166 448 397 530 612
0 285 578 64 80 148 36 535 520 555 530 612
0 285 303 366 15 89 11 403 3 370 302 612
0 503 210 91 371 349 278 338 172 59 530 612
0 503 69 91 233 183 118 99 286 67 425 364 612
0 279 303 199 15 418 543 535 172 388 436 612
0 503 311 253 75 183 194 450 248 397 612
0 211 57 55 573 440 466 453 206 513 583 370 612
0 503 311 123 75 56 11 450 286 397 436 612
0 503 210 136 15 61 278 541 457 513 436 46 612
0 279 521 417 80 170 27 2 198 166 3 397 612
0 285 303 366 15 453 250 403 583 410 612
0 346 311 506 371 399 11 450 601 225 422 115 609 295 219 464 437 612
0 211 57 55 496 192 595 32 191 585 488 266 593 304 612
0 492 431 562 80 170 193 99 561 225 181 373 494 612
0 285 162 55 496 192 499 312 457 166 594 501 612
0 503 311 253 218 89 250 513 583 410 612
0 285 162 55 496 192 588 312 198 513 583 368 612
0 503 431 506 75 61 193 598 315 340 583 410 612
0 503 69 239 607 89 11 450 113 53 230 528 612
0 279 431 506 371 461 543 186 547 93 16 240 612
0 279 303 562 496 192 466 462 206 166 273 402 612
0 346 311 506 28 418 306 369 561 403 594 501 612
0 503 69 366 15 468 543 476 520 12 518 612
0 492 578 562 80 108 74 142 250 556 133 59 277 501 612
0 346 294 123 607 418 282 541 315 53 594 368 612
0 279 578 199 80 237 193 541 584 406 248 368 612
0 492 200 569 28 183 27 541 172 340 248 410 612
0 346 311 123 28 183 27 375 457 340 425 410 612
0 285 393 562 80 170 306 541 315 166 286 397 560 612
0 285 162 562 80 148 282 541 250 166 286 373 508 295 219 464 437 612
0 492 431 64 80 170 233 375 11 99 601 225 195 528 612
0 492 431 506 159 349 282 288 561 53 39 204 612
0 503 311 253 218 33 194 450 248 397 612
0 346 311 123 371 418 543 535 566 400 230 204 612
0 503 294 506 218 61 194 450 286 83 494 612
0 492 200 76 151 170 581 461 206 513 277 368 612
0 346 69 91 75 540 27 598 250 513 141 402 612
0 503 69 506 371 540 11 403 248 46 612
0 279 162 562 80 467 155 2 377 284 133 388 436 612
0 211 57 55 573 192 480 137 424 144 483 402 612
0 503 69 91 75 183 531 288 262 485 277 370 612
0 279 303 562 15 56 11 450 448 485 425 364 612
0 503 210 506 15 56 11 450 214 67 497 612
0 492 200 76 167 603 282 540 315 403 583 46 612
0 211 57 90 496 192 271 117 30 475 182 266 421 612
0 346 69 91 351 399 278 265 584 225 195 528 612
0 503 69 237 371 399 11 450 341 83 612
0 492 200 509 159 267 233 33 122 450 248 397 612
0 346 311 123 371 183 194 450 248 397 612
0 211 291 344 165 124 70 507 379 434 488 93 323 240 612
0 346 311 506 351 399 282 265 584 53 594 501 612
0 346 294 239 75 89 11 403 3 501 612
0 346 69 506 28 349 581 265 561 403 341 261 612
0 503 69 123 15 170 581 288 315 485 594 370 612
0 346 311 506 371 89 11 403 141 402 612
0 503 69 366 74 61 27 535 520 12 381 612
0 279 303 136 151 170 581 288 262 53 230 204 612
0 285 303 64 159 237 282 598 561 53 583 501 612
0 503 294 506 218 33 250 369 273 555 18 612
0 503 69 136 371 418 27 535 520 12 381 612
0 346 431 91 75 399 278 142 172 340 425 501 612
0 285 393 562 80 170 27 369 172 397 381 612
0 346 69 506 28 349 282 375 245 450 248 397 612
