0 503 311 136 151 524 581 328 245 225 195 204 612
0 346 69 506 155 33 11 450 341 83 612
0 503 210 237 155 338 457 59 381 612
0 416 200 569 151 524 193 338 198 513 141 388 518 612
0 503 431 123 159 49 371 418 11 450 3 397 612
0 346 294 237 371 61 27 541 315 406 341 373 612
0 503 69 123 495 348 606 87 119 251 104 43 280 295 219 464 437 612
0 492 431 569 151 148 27 598 561 403 341 261 612
0 285 303 562 351 399 27 265 561 485 14 261 612
0 503 294 80 237 170 27 369 315 403 286 83 422 350 219 464 437 612
0 211 57 90 337 440 244 468 206 457 513 277 364 612
0 346 393 562 80 440 244 45 2 206 166 594 46 612
0 492 431 199 80 91 74 56 282 598 561 53 39 115 105 305 612
0 346 311 123 91 371 33 11 450 566 12 444 240 612
0 346 503 69 237 75 399 193 598 122 406 594 368 612
0 492 431 136 167 267 581 541 262 53 230 204 612
0 346 69 123 218 33 315 403 141 370 612
0 346 69 237 371 399 11 99 448 485 381 46 612
0 503 431 417 80 253 218 474 241 189 347 225 195 350 517 305 612
0 279 431 506 75 61 194 450 141 67 612
0 279 393 77 303 64 80 253 218 33 118 450 262 67 436 612
0 346 176 76 167 267 282 142 206 538 284 273 397 421 612
0 503 69 569 506 371 33 194 450 566 67 302 612
0 279 431 562 337 42 316 312 198 434 483 402 612
0 285 303 562 80 148 282 598 561 406 341 528 156 494 612
0 503 294 91 351 399 278 288 122 225 14 570 517 305 612
0 346 294 123 143 603 155 399 250 369 214 12 421 612
0 503 210 239 15 142 11 403 248 410 612
0 503 69 506 607 89 11 403 594 501 612
0 503 431 509 9 91 75 89 250 513 141 370 612
0 503 210 237 15 540 194 450 113 67 381 612
0 492 431 506 607 540 11 166 141 368 560 612
0 346 69 123 15 170 581 265 122 469 589 570 517 464 612
0 492 431 506 607 524 581 541 315 166 594 46 612
0 279 303 199 607 56 278 288 584 53 3 83 612
0 492 431 506 371 33 531 450 561 485 14 204 612
0 346 200 76 9 267 218 89 250 403 594 410 612
0 503 431 506 75 89 11 166 448 397 302 612
0 346 503 69 237 155 142 315 403 277 501 612
0 492 431 506 28 148 155 61 194 450 594 397 612
0 492 431 91 75 89 250 403 594 501 612
0 492 200 569 167 183 193 598 584 225 14 528 204 612
0 279 431 562 80 170 282 288 122 406 3 368 612
0 346 311 506 607 399 306 535 457 555 381 612
0 492 431 294 123 495 348 572 334 175 201 72 269 105 464 612
0 346 69 237 74 462 198 556 566 555 593 304 612
0 285 162 90 502 507 543 535 214 67 436 612
0 285 303 366 15 142 250 403 3 501 612
0 503 69 239 74 155 89 250 166 273 402 612
0 492 431 136 607 418 278 45 206 284 273 402 612
0 346 431 64 294 136 167 603 581 33 23 515 542 479 129 295 219 464 437 612
0 346 69 506 75 349 118 450 448 67 302 612
0 279 162 64 80 170 193 99 315 485 248 501 612
0 503 311 253 218 33 315 403 583 410 612
0 279 303 136 607 56 316 468 377 556 141 67 612
0 285 303 562 351 399 278 598 122 53 594 368 612
0 492 431 91 607 399 11 369 262 406 14 528 612
0 503 210 123 75 33 194 450 359 405 604 464 437 612
0 503 311 253 218 33 315 403 436 46 612
0 346 503 69 237 351 461 543 535 424 555 436 612
0 503 200 417 80 467 74 462 543 535 566 400 518 612
0 503 431 506 75 61 194 450 286 368 612
0 346 69 123 75 183 193 265 245 225 14 115 494 612
0 346 503 393 562 80 170 155 2 198 434 273 116 444 612
0 285 162 165 90 234 7 271 322 30 362 184 266 444 240 612
0 285 162 55 573 440 466 312 538 340 277 46 612
0 492 431 569 210 237 607 540 11 403 248 501 612
0 346 294 237 371 89 11 450 566 67 518 612
0 503 431 569 558 603 233 183 194 450 214 397 560 612
0 503 210 366 155 461 11 450 448 225 195 115 105 464 612
0 503 431 506 75 170 306 541 245 225 195 350 219 464 437 612
0 492 431 91 151 148 306 535 457 388 277 402 612
0 285 162 165 90 124 70 507 379 556 273 67 381 612
0 492 431 123 151 349 531 99 286 67 425 364 612
0 503 210 562 351 399 193 375 457 403 425 370 612
0 492 578 417 80 170 282 265 561 406 195 261 612
0 492 578 562 80 108 466 462 335 556 424 388 518 612
0 503 311 509 371 418 11 450 341 83 612
0 492 431 136 28 399 27 338 315 403 248 261 105 464 612
0 346 503 69 91 607 61 250 369 286 67 302 612
0 285 578 92 69 136 167 482 606 296 297 469 44 405 604 464 437 612
0 346 431 569 159 603 218 349 581 87 23 270 516 574 587 295 219 464 437 612
0 503 311 123 151 148 466 312 447 475 182 276 612
0 346 200 509 151 524 27 338 206 513 141 368 302 612
0 503 210 237 74 453 198 513 273 116 518 612
0 503 294 80 237 282 541 206 166 583 368 612
0 503 69 91 28 399 306 338 424 434 583 397 612
0 346 69 237 233 541 11 166 286 410 612
0 492 431 76 159 603 581 33 11 166 214 368 302 612
0 503 69 237 155 375 11 450 286 83 497 612
0 346 311 123 607 33 194 265 561 485 425 370 612
0 346 311 506 351 399 282 265 122 227 601 405 39 115 494 612
0 346 431 509 9 253 233 183 581 99 122 53 3 373 612
0 492 431 123 151 56 278 2 457 513 583 370 612
0 492 200 76 9 482 218 87 207 251 359 225 230 156 612
0 279 431 123 607 89 250 403 286 373 497 612
0 279 303 562 496 440 316 312 379 556 583 12 612
0 492 200 569 159 170 581 288 262 406 195 570 609 464 612
0 503 311 91 28 349 193 265 245 225 161 299 602 464 437 612
0 346 294 506 233 33 194 450 248 397 612
0 279 431 506 371 399 11 450 172 555 436 612
0 492 431 506 151 61 306 369 172 67 436 612
0 503 69 91 74 461 11 403 448 67 530 612
0 503 311 123 167 524 278 369 172 485 425 364 612
0 346 200 136 151 56 27 369 561 485 277 501 612
0 346 311 506 75 89 250 513 273 402 612
0 492 431 294 123 495 267 581 375 206 166 583 397 612
0 211 57 90 573 192 480 312 206 556 214 397 302 612
0 503 431 64 165 42 466 461 250 403 3 368 612
0 211 291 285 210 91 15 468 198 434 273 370 18 612
0 503 311 91 167 183 278 541 262 485 14 373 612
0 346 69 91 371 61 194 450 566 67 518 612
0 492 200 136 151 267 233 142 11 403 248 370 612
0 492 200 569 28 183 194 450 341 83 612
0 285 303 199 562 80 28 467 581 541 584 469 601 458 39 261 612
0 503 431 64 294 91 233 89 11 403 594 46 612
0 285 162 562 80 237 233 541 11 403 286 373 508 295 219 464 437 612
0 279 200 509 167 349 531 450 448 485 248 83 612
0 503 294 91 218 349 118 450 601 225 230 156 612
0 492 200 136 28 349 193 598 584 225 195 156 612
0 503 69 237 155 33 118 450 3 83 612
0 503 294 237 233 541 315 403 436 370 612
0 285 303 366 15 540 250 340 277 364 612
0 492 200 509 569 159 170 193 541 262 485 230 204 612
0 279 393 562 80 148 306 369 561 53 230 115 105 464 612
0 346 431 64 210 91 218 474 119 372 196 269 587 295 219 464 437 612
0 285 303 366 15 183 278 369 214 12 518 612
0 279 303 136 607 33 11 403 286 368 612
0 503 294 91 371 61 194 450 594 397 612
0 346 294 239 155 142 11 166 286 373 560 612
0 503 294 366 244 462 543 535 566 397 302 612
0 503 294 237 75 61 194 450 3 83 612
0 279 303 199 15 56 27 369 561 485 436 46 501 612
0 346 431 509 151 524 27 369 172 340 436 46 501 612
0 279 431 123 607 418 399 27 541 172 340 141 370 612
0 492 578 354 294 366 74 453 206 340 273 116 421 612
0 492 431 136 607 89 194 450 248 397 612
0 503 210 80 237 155 453 206 166 248 373 612
0 503 200 509 569 159 603 607 61 11 369 113 225 39 115 517 305 612
0 346 69 506 237 155 338 457 172 340 555 381 612
0 346 69 237 233 33 561 403 3 373 612
0 503 210 237 155 338 457 172 340 388 277 501 612
0 503 294 237 155 45 198 284 273 370 302 612
0 346 200 569 151 56 278 598 561 485 341 261 612
0 503 311 569 80 170 581 598 561 485 14 156 612
0 346 200 136 151 183 27 375 561 53 195 261 612
0 346 69 237 218 33 11 403 286 388 277 501 612
0 503 210 506 75 33 194 450 584 458 161 115 517 305 612
0 285 303 199 351 418 61 27 375 206 340 425 370 612
0 503 69 123 218 349 263 372 576 479 129 295 517 464 612
0 503 210 366 496 440 306 375 457 340 425 364 612
0 279 162 64 294 91 75 89 194 450 3 397 612
0 503 69 91 155 89 206 556 434 273 402 612
0 492 200 64 80 148 282 541 315 450 286 83 494 612
0 492 431 69 123 237 75 418 27 265 584 53 341 156 612
0 492 431 91 607 61 250 369 566 400 323 304 612
0 279 431 506 607 61 11 450 113 485 436 501 612
0 503 294 91 607 61 11 450 113 67 436 612
0 346 294 237 74 461 11 403 583 501 612
0 211 57 55 496 192 499 312 457 340 381 46 612
0 492 431 136 607 183 194 450 262 400 425 402 612
0 503 311 253 218 89 250 513 273 402 612
0 503 294 80 237 218 349 122 450 566 12 518 612
0 503 210 239 607 540 11 166 141 397 612
0 503 311 123 218 33 194 450 141 67 612
0 503 200 136 28 349 193 541 448 485 425 46 612
0 279 200 509 569 9 482 218 349 194 450 248 397 612
0 503 210 80 237 170 282 598 250 340 594 370 612
0 503 311 253 218 89 250 403 594 410 612
0 346 311 123 218 33 315 403 583 277 501 612
0 416 200 509 159 603 233 33 23 515 576 43 280 350 105 464 612
0 503 294 80 237 170 27 338 315 450 341 83 612
0 346 431 91 607 89 11 403 3 368 612
0 492 431 562 337 534 316 45 206 284 483 116 612
0 503 200 136 159 524 193 99 315 485 248 501 612
0 346 311 123 75 399 11 450 3 83 612
0 279 57 90 573 215 70 507 379 556 520 101 381 46 612
0 279 303 562 351 399 278 535 520 59 381 612
0 492 200 417 80 253 218 89 194 328 262 485 230 204 612
0 492 431 506 75 183 194 450 3 83 612
0 503 200 76 151 170 36 45 206 403 286 555 530 612
0 346 503 431 509 9 482 218 349 194 450 3 83 612
0 503 69 123 237 371 399 11 99 448 485 302 612
0 211 291 298 82 215 466 453 250 340 583 12 612
0 346 311 506 167 349 581 541 250 340 583 501 612
0 279 303 417 80 237 607 61 11 450 3 83 612
0 503 69 366 74 453 206 403 583 402 612
0 503 294 239 371 524 531 99 584 458 181 261 612
0 279 393 562 80 607 170 193 598 315 406 3 83 612
0 503 294 239 607 349 193 338 11 166 141 397 612
0 346 311 569 91 75 183 194 450 262 485 277 364 612
0 285 393 562 80 148 278 598 122 53 341 368 612
0 346 431 76 558 253 606 58 407 469 589 570 508 295 219 464 437 612
0 492 431 506 371 89 11 166 566 485 230 204 612
0 503 294 123 155 61 315 450 248 397 612
0 346 200 76 159 603 218 418 306 541 11 403 3 373 612
0 503 431 509 9 253 218 89 250 166 3 83 612
0 211 57 90 496 440 306 375 457 403 583 501 612
0 346 294 366 28 170 27 278 375 561 53 230 204 612
0 503 294 91 151 349 193 328 584 403 594 501 612
0 503 69 237 15 89 11 450 341 83 612
0 346 311 569 91 75 33 194 450 3 83 612
0 492 200 64 80 467 306 461 457 513 277 364 612
0 346 294 237 371 461 543 522 520 388 381 612
0 211 57 55 234 534 244 45 206 513 566 397 302 612
0 503 294 91 233 89 315 403 594 368 612
0 346 69 506 371 399 193 265 359 406 3 373 612
0 503 294 366 74 540 11 166 286 67 560 612
0 503 294 237 155 468 206 513 583 501 612
0 346 200 76 9 451 143 103 207 251 359 405 422 464 437 612
0 285 162 562 80 607 170 194 265 448 406 14 204 612
0 279 431 76 167 49 282 89 250 403 594 46 612
0 346 311 506 28 61 27 288 245 225 14 156 612
0 416 578 417 80 170 27 375 194 403 3 410 612
0 285 303 64 80 148 155 541 315 406 248 156 437 612
0 285 393 562 80 170 306 535 538 388 277 116 612
0 503 294 237 74 453 250 403 3 410 612
0 279 200 509 9 49 606 154 430 458 589 570 609 464 612
0 503 210 239 151 524 581 99 561 340 273 370 518 612
0 285 162 165 90 124 70 312 335 434 182 276 612
0 503 69 239 15 468 543 535 566 388 277 364 612
0 503 431 64 294 506 75 61 27 598 561 403 277 402 612
0 503 69 506 28 56 27 541 206 284 483 304 444 612
0 279 162 165 90 124 553 32 439 585 488 314 444 240 612
0 503 69 366 15 468 206 513 583 501 612
0 279 303 562 351 399 278 288 561 406 195 115 517 305 612
0 503 311 506 28 170 282 265 561 513 583 402 612
0 346 69 80 237 233 142 194 450 341 83 612
0 285 162 562 80 440 351 399 278 265 561 485 594 501 612
0 279 303 562 496 192 480 137 520 400 594 370 612
0 503 294 136 233 33 250 369 340 273 402 612
0 503 294 80 237 467 155 61 118 99 44 458 422 350 602 464 437 612
