416 79 92 311 569 167 603 218 524 282 89 531 265 262 406 341 373 497 18 dist_line    145754
Name: 416, dtype: object
416 145 92 431 76 558 253 218 33 11 450 113 53 248 368 18 16 dist_line    138799
Name: 416, dtype: object
416 79 503 69 569 159 237 218 33 11 369 172 403 141 397 302 16 dist_line    144792
Name: 416, dtype: object
416 145 92 294 123 75 524 193 375 250 369 113 406 14 261 15 dist_line    139416
Name: 416, dtype: object
416 79 274 290 217 167 49 581 33 531 99 359 225 195 261 15 dist_line    146639
Name: 416, dtype: object
416 79 274 69 569 167 49 218 33 194 450 172 513 583 370 18 16 dist_line    139522
Name: 416, dtype: object
416 145 357 431 76 9 253 75 61 193 541 315 403 3 397 302 16 dist_line    145201
Name: 416, dtype: object
416 29 591 311 569 159 237 233 89 194 450 286 67 530 46 15 dist_line    144381
Name: 416, dtype: object
416 29 274 431 417 294 91 75 524 278 375 194 450 262 485 425 402 17 dist_line    149561
Name: 416, dtype: object
416 29 274 163 569 495 482 218 33 11 450 262 406 248 368 18 16 dist_line    138725
Name: 416, dtype: object
416 79 92 311 123 167 267 581 33 11 369 214 400 530 46 15 dist_line    140910
Name: 416, dtype: object
416 529 492 200 417 80 237 351 418 282 33 118 99 262 406 248 83 39 156 19 dist_line    166810
Name: 416, dtype: object
416 529 367 290 217 167 49 581 33 118 99 601 225 195 261 15 dist_line    151663
Name: 416, dtype: object
416 29 591 163 569 80 239 74 61 278 338 198 556 141 67 530 501 17 dist_line    152087
Name: 416, dtype: object
416 79 346 69 123 28 467 74 61 27 541 245 450 448 485 436 501 17 dist_line    146292
Name: 416, dtype: object
416 145 357 69 506 607 61 193 541 122 450 448 53 230 204 15 dist_line    136260
Name: 416, dtype: object
416 79 591 249 358 537 596 495 348 606 592 60 227 601 225 195 261 17 dist_line    154492
Name: 416, dtype: object
416 79 92 69 123 159 253 218 183 27 338 198 284 273 12 530 16 dist_line    142625
Name: 416, dtype: object
416 79 274 311 569 167 49 233 33 11 450 113 485 425 46 15 dist_line    132203
Name: 416, dtype: object
416 79 274 294 136 351 148 27 541 245 450 113 406 341 373 497 16 dist_line    137924
Name: 416, dtype: object
416 145 92 294 123 151 170 282 540 250 369 457 340 594 368 302 16 dist_line    131110
Name: 416, dtype: object
416 145 503 294 91 75 349 193 541 245 450 286 485 195 261 15 dist_line    142866
Name: 416, dtype: object
416 145 92 294 136 607 170 233 89 11 450 113 53 594 368 497 16 dist_line    131089
Name: 416, dtype: object
416 79 274 69 136 28 170 282 33 194 450 448 53 230 204 15 dist_line    131716
Name: 416, dtype: object
416 79 92 294 91 607 61 306 2 198 476 273 555 530 501 15 dist_line    135487
Name: 416, dtype: object
416 79 274 69 123 75 524 193 375 250 369 172 513 273 12 518 16 dist_line    136361
Name: 416, dtype: object
416 79 503 294 91 371 183 278 375 198 476 214 555 530 501 15 dist_line    143130
Name: 416, dtype: object
416 29 274 431 417 80 237 371 524 278 338 198 284 273 12 518 16 dist_line    151143
Name: 416, dtype: object
416 529 591 290 217 167 49 233 524 194 288 262 406 594 397 497 16 dist_line    140531
Name: 416, dtype: object
416 145 92 69 506 371 183 306 453 250 369 566 400 530 46 15 dist_line    133428
Name: 416, dtype: object
416 79 92 69 123 607 56 278 338 457 513 425 370 13 dist_line    121862
Name: 416, dtype: object
416 145 92 294 506 28 170 278 541 245 450 286 400 436 501 15 dist_line    135914
Name: 416, dtype: object
416 79 92 163 569 558 482 218 33 194 450 448 485 230 204 15 dist_line    137607
Name: 416, dtype: object
416 145 274 431 417 294 123 607 524 278 338 457 513 277 370 15 dist_line    136383
Name: 416, dtype: object
416 79 503 69 136 151 170 233 89 11 450 113 485 277 370 15 dist_line    136622
Name: 416, dtype: object
416 79 274 200 417 294 91 75 183 282 33 11 369 561 403 583 397 421 18 dist_line    144355
Name: 416, dtype: object
416 529 367 249 358 537 596 143 267 282 89 11 450 262 406 14 261 17 dist_line    152070
Name: 416, dtype: object
416 29 492 431 417 210 239 607 524 581 541 11 369 457 513 277 402 17 dist_line    151614
Name: 416, dtype: object
416 29 591 163 509 167 49 581 33 11 450 113 53 248 368 560 16 dist_line    143192
Name: 416, dtype: object
416 145 92 294 91 75 349 193 541 122 450 262 406 14 261 15 dist_line    136456
Name: 416, dtype: object
416 29 591 311 569 495 267 233 183 194 450 448 485 230 204 15 dist_line    140706
Name: 416, dtype: object
416 79 274 200 76 9 253 218 33 194 450 286 67 530 501 15 dist_line    138740
Name: 416, dtype: object
416 29 492 431 417 294 91 167 267 581 33 118 99 584 225 195 261 17 dist_line    159813
Name: 416, dtype: object
416 145 92 69 91 151 170 27 338 198 284 273 12 518 14 dist_line    132295
Name: 416, dtype: object
416 79 274 294 136 15 148 278 375 11 369 457 340 436 402 15 dist_line    132675
Name: 416, dtype: object
416 145 92 294 123 28 467 233 89 194 450 262 485 594 368 497 16 dist_line    137102
Name: 416, dtype: object
416 145 274 69 136 159 603 218 183 193 541 11 450 359 225 341 373 497 18 dist_line    153159
Name: 416, dtype: object
416 79 346 431 64 294 506 371 61 278 375 315 403 3 83 14 204 17 dist_line    151340
Name: 416, dtype: object
416 529 274 431 417 311 217 558 482 218 349 278 375 315 403 248 397 560 18 dist_line    163034
Name: 416, dtype: object
416 145 92 311 123 151 170 278 338 206 556 273 12 530 14 dist_line    128367
Name: 416, dtype: object
416 145 591 176 76 294 91 607 418 278 541 315 403 566 397 302 16 dist_line    144593
Name: 416, dtype: object
416 529 274 290 217 167 267 581 33 11 450 113 485 3 83 39 528 17 dist_line    149268
Name: 416, dtype: object
416 79 92 294 506 371 183 581 541 194 450 448 53 230 204 15 dist_line    129290
Name: 416, dtype: object
416 79 346 294 123 75 524 306 45 206 556 273 388 381 46 15 dist_line    138576
Name: 416, dtype: object
416 79 503 431 64 294 506 28 170 27 375 122 450 262 485 425 501 17 dist_line    147068
Name: 416, dtype: object
416 79 92 311 569 495 603 218 524 306 2 198 556 214 400 436 410 17 dist_line    149507
Name: 416, dtype: object
416 145 92 69 91 167 267 581 33 11 450 262 406 14 261 15 dist_line    139871
Name: 416, dtype: object
416 79 92 294 506 28 170 278 375 315 403 594 368 497 14 dist_line    127195
Name: 416, dtype: object
416 145 92 294 506 607 524 193 541 245 450 448 53 583 397 18 16 dist_line    137338
Name: 416, dtype: object
416 145 92 431 76 558 482 218 33 194 450 113 53 248 368 560 16 dist_line    140208
Name: 416, dtype: object
416 79 492 311 569 558 482 218 33 194 450 286 67 381 410 15 dist_line    138104
Name: 416, dtype: object
416 145 92 294 91 371 399 193 541 11 369 448 485 230 204 15 dist_line    135342
Name: 416, dtype: object
416 79 357 431 76 9 253 218 33 11 450 262 485 248 368 302 16 dist_line    140651
Name: 416, dtype: object
416 529 492 578 64 294 136 28 170 278 375 250 369 457 513 425 370 17 dist_line    149300
Name: 416, dtype: object
416 145 274 431 417 80 239 15 56 306 2 206 556 273 12 530 16 dist_line    146861
Name: 416, dtype: object
416 529 274 311 569 558 482 218 183 27 375 250 369 561 53 286 397 302 18 dist_line    147956
Name: 416, dtype: object
416 79 274 69 123 75 524 282 540 11 450 561 406 594 368 497 16 dist_line    135816
Name: 416, dtype: object
416 145 503 69 91 167 49 581 33 118 99 448 485 248 397 18 16 dist_line    139379
Name: 416, dtype: object
416 529 367 176 47 558 451 495 348 606 592 263 251 601 225 195 261 17 dist_line    157242
Name: 416, dtype: object
416 529 591 290 217 143 49 581 33 531 288 113 485 277 402 15 dist_line    146253
Name: 416, dtype: object
416 79 492 431 417 80 237 233 183 193 541 250 369 448 53 3 67 436 46 19 dist_line    147002
Name: 416, dtype: object
416 79 492 294 136 607 170 233 89 11 450 172 340 214 400 381 46 17 dist_line    139556
Name: 416, dtype: object
416 145 503 69 506 75 524 581 541 194 450 448 485 277 370 15 dist_line    131557
Name: 416, dtype: object
416 145 503 294 91 151 170 278 338 457 513 277 370 13 dist_line    122290
Name: 416, dtype: object
416 145 92 294 123 28 170 233 33 11 450 262 485 425 501 15 dist_line    130165
Name: 416, dtype: object
416 145 357 163 569 159 237 607 524 193 541 245 450 448 485 425 402 17 dist_line    149271
Name: 416, dtype: object
416 145 357 311 123 28 170 282 33 194 450 262 406 583 397 560 16 dist_line    134011
Name: 416, dtype: object
416 145 357 69 136 28 170 278 453 206 476 424 513 566 67 302 16 dist_line    141242
Name: 416, dtype: object
416 79 92 311 123 28 170 27 375 198 476 273 555 381 46 15 dist_line    139379
Name: 416, dtype: object
416 529 492 431 417 210 562 80 239 75 524 193 375 315 403 583 12 530 18 dist_line    166476
Name: 416, dtype: object
416 79 503 200 417 80 237 607 61 27 338 198 476 566 400 530 46 17 dist_line    141197
Name: 416, dtype: object
416 79 92 69 506 371 183 306 338 198 556 214 59 436 46 15 dist_line    137274
Name: 416, dtype: object
416 145 503 69 91 28 170 27 541 122 450 286 67 381 46 15 dist_line    137388
Name: 416, dtype: object
416 79 357 176 76 558 482 218 524 193 375 315 403 583 12 530 16 dist_line    153249
Name: 416, dtype: object
416 145 492 69 123 167 49 581 33 11 369 214 555 530 501 15 dist_line    138625
Name: 416, dtype: object
416 29 492 200 76 558 253 75 61 193 375 315 403 583 12 302 16 dist_line    152203
Name: 416, dtype: object
416 79 503 69 91 151 170 27 541 315 403 594 397 421 14 dist_line    129830
Name: 416, dtype: object
416 29 492 431 417 69 506 371 418 193 541 315 403 141 12 436 410 17 dist_line    153061
Name: 416, dtype: object
416 145 92 294 506 607 418 27 541 245 450 448 485 195 261 15 dist_line    142716
Name: 416, dtype: object
416 29 591 290 217 143 348 606 87 531 99 359 225 195 261 15 dist_line    144938
Name: 416, dtype: object
416 145 346 200 417 210 239 607 524 581 541 11 450 262 406 14 261 17 dist_line    142675
Name: 416, dtype: object
416 79 503 294 136 15 148 36 453 250 369 214 555 248 368 18 16 dist_line    138984
Name: 416, dtype: object
416 145 92 69 506 28 170 155 89 194 99 448 485 14 261 15 dist_line    136323
Name: 416, dtype: object
416 145 357 69 123 607 56 282 33 194 450 286 67 530 501 15 dist_line    130938
Name: 416, dtype: object
416 145 357 431 64 210 136 607 524 193 375 250 369 566 59 530 46 17 dist_line    144647
Name: 416, dtype: object
416 79 503 294 91 75 183 193 541 250 369 214 388 530 501 15 dist_line    134968
Name: 416, dtype: object
416 145 92 163 569 495 267 581 33 531 265 113 406 14 261 15 dist_line    144417
Name: 416, dtype: object
416 79 503 69 136 607 524 278 541 315 403 214 67 302 14 dist_line    131854
Name: 416, dtype: object
416 145 357 311 123 167 482 218 183 306 2 206 476 457 340 273 555 530 501 19 dist_line    163550
Name: 416, dtype: object
416 79 92 69 91 75 524 278 541 315 403 141 12 421 14 dist_line    133002
Name: 416, dtype: object
416 79 92 163 217 558 253 75 349 581 541 194 450 113 485 425 370 17 dist_line    140935
Name: 416, dtype: object
416 145 274 69 136 607 170 155 89 194 450 448 485 436 402 15 dist_line    133435
Name: 416, dtype: object
416 529 274 176 47 558 482 218 349 193 375 250 369 113 406 594 368 18 18 dist_line    150715
Name: 416, dtype: object
416 145 92 69 123 151 267 218 33 194 450 113 485 594 368 560 16 dist_line    129385
Name: 416, dtype: object
416 145 274 163 569 159 237 233 89 11 450 448 485 436 370 15 dist_line    136958
Name: 416, dtype: object
416 79 92 431 76 9 253 75 524 282 540 250 369 566 400 530 46 17 dist_line    148640
Name: 416, dtype: object
416 529 367 290 128 558 253 218 524 278 375 11 450 113 53 594 397 302 18 dist_line    151173
Name: 416, dtype: object
416 145 357 69 123 80 237 75 399 193 541 11 369 214 388 436 402 17 dist_line    139329
Name: 416, dtype: object
416 79 92 163 569 159 237 74 56 278 375 250 369 457 513 273 12 530 18 dist_line    149743
Name: 416, dtype: object
416 79 503 200 76 558 482 218 349 278 142 315 450 214 400 530 46 17 dist_line    155723
Name: 416, dtype: object
416 145 274 69 136 151 170 27 541 250 369 214 400 425 46 15 dist_line    135158
Name: 416, dtype: object
416 29 492 431 417 210 239 15 56 27 375 122 450 172 513 141 12 436 46 19 dist_line    163173
Name: 416, dtype: object
416 529 274 69 569 167 267 75 183 27 338 250 369 566 400 530 46 17 dist_line    149935
Name: 416, dtype: object
416 79 357 431 64 294 123 151 170 282 33 11 450 448 485 230 204 17 dist_line    148889
Name: 416, dtype: object
416 79 274 69 123 75 524 193 541 315 403 248 397 302 14 dist_line    124372
Name: 416, dtype: object
416 29 492 200 417 80 237 282 33 11 450 359 225 195 261 15 dist_line    146437
Name: 416, dtype: object
416 145 492 578 64 210 239 15 418 278 338 457 340 583 370 421 16 dist_line    140970
Name: 416, dtype: object
416 29 591 311 569 159 237 371 418 193 541 245 450 286 67 530 46 17 dist_line    155941
Name: 416, dtype: object
416 145 492 69 123 28 170 27 375 122 450 214 400 381 46 15 dist_line    138620
Name: 416, dtype: object
416 145 346 294 123 28 467 233 89 11 450 262 485 594 368 560 16 dist_line    138151
Name: 416, dtype: object
416 79 92 294 91 371 183 278 541 315 403 594 368 497 14 dist_line    131294
Name: 416, dtype: object
416 79 92 431 509 9 253 218 349 194 288 113 53 3 83 230 204 17 dist_line    144916
Name: 416, dtype: object
416 145 346 69 123 607 56 27 2 206 556 273 12 425 402 15 dist_line    140667
Name: 416, dtype: object
416 145 503 294 91 151 170 278 375 206 556 273 12 530 14 dist_line    130537
Name: 416, dtype: object
416 145 346 69 123 28 170 27 541 245 450 448 485 594 397 497 16 dist_line    135496
Name: 416, dtype: object
416 29 492 200 417 80 237 371 183 27 375 315 403 3 397 530 16 dist_line    144051
Name: 416, dtype: object
416 145 492 294 136 28 170 278 453 11 369 561 53 594 368 497 16 dist_line    146601
Name: 416, dtype: object
416 145 492 431 417 80 237 233 33 118 99 122 450 214 400 381 501 17 dist_line    144645
Name: 416, dtype: object
416 79 274 311 569 159 237 218 33 194 450 561 403 594 368 18 16 dist_line    134279
Name: 416, dtype: object
416 529 274 176 47 9 253 218 524 581 541 194 450 113 485 248 368 560 18 dist_line    141476
Name: 416, dtype: object
416 145 503 69 506 75 183 278 2 206 476 424 513 583 370 18 16 dist_line    140800
Name: 416, dtype: object
416 79 591 249 358 537 596 143 267 282 33 11 450 172 403 248 368 497 18 dist_line    156389
Name: 416, dtype: object
416 79 92 294 123 151 170 278 375 11 450 448 53 425 370 15 dist_line    131663
Name: 416, dtype: object
416 79 274 294 136 151 170 27 541 122 450 448 53 230 204 15 dist_line    137289
Name: 416, dtype: object
416 529 367 290 128 558 482 218 33 193 541 315 403 594 368 18 16 dist_line    149635
Name: 416, dtype: object
416 145 503 69 123 607 170 27 541 315 403 248 368 18 14 dist_line    125157
Name: 416, dtype: object
416 529 274 431 417 80 237 155 540 278 2 198 284 273 12 518 16 dist_line    149364
Name: 416, dtype: object
416 79 92 294 91 607 170 581 33 11 369 448 53 425 370 15 dist_line    137509
Name: 416, dtype: object
416 529 492 431 417 210 239 15 418 36 375 250 369 566 400 248 368 18 18 dist_line    153385
Name: 416, dtype: object
416 79 92 294 91 371 399 306 2 206 556 273 12 530 14 dist_line    131288
Name: 416, dtype: object
416 79 357 431 509 9 253 218 61 306 453 206 556 273 12 436 501 17 dist_line    148373
Name: 416, dtype: object
416 79 92 311 123 167 267 581 33 11 450 561 406 594 368 560 16 dist_line    143184
Name: 416, dtype: object
416 79 92 294 506 75 183 581 541 11 450 359 225 195 261 15 dist_line    142547
Name: 416, dtype: object
416 145 346 393 77 165 90 573 215 466 45 206 476 538 513 273 12 518 18 dist_line    158174
Name: 416, dtype: object
416 79 92 69 91 28 170 278 338 11 99 584 406 594 368 497 16 dist_line    141343
Name: 416, dtype: object
416 79 503 69 123 607 170 278 541 315 403 594 368 560 14 dist_line    128899
Name: 416, dtype: object
416 79 92 294 91 151 170 155 33 194 99 113 406 14 261 15 dist_line    135210
Name: 416, dtype: object
416 79 92 311 123 151 170 278 142 206 522 520 513 583 370 18 16 dist_line    140881
Name: 416, dtype: object
416 79 92 69 506 607 61 27 375 315 403 286 397 302 14 dist_line    123663
Name: 416, dtype: object
416 79 492 311 569 495 49 233 33 11 450 262 406 594 368 18 16 dist_line    135088
Name: 416, dtype: object
416 145 492 69 123 28 170 278 338 11 450 262 485 248 368 497 16 dist_line    134150
Name: 416, dtype: object
416 79 274 311 569 9 253 218 33 194 450 448 485 14 261 15 dist_line    132036
Name: 416, dtype: object
416 145 92 69 91 607 61 278 375 250 369 566 59 381 46 15 dist_line    123374
Name: 416, dtype: object
416 529 492 431 417 294 91 607 61 306 375 11 450 113 485 425 370 17 dist_line    147369
Name: 416, dtype: object
416 79 357 200 76 9 253 218 183 193 375 11 450 448 53 230 204 17 dist_line    147539
Name: 416, dtype: object
416 29 492 431 417 210 91 371 399 27 541 122 450 113 485 341 373 494 305 19 dist_line    161007
Name: 416, dtype: object
416 79 92 311 123 167 603 218 349 531 99 584 225 195 261 15 dist_line    139777
Name: 416, dtype: object
416 29 274 311 569 159 237 371 183 193 541 315 403 248 397 421 16 dist_line    140774
Name: 416, dtype: object
416 145 92 311 123 159 603 218 183 581 541 194 450 113 485 277 402 17 dist_line    140206
Name: 416, dtype: object
416 145 503 294 136 607 56 193 541 11 369 448 53 230 204 15 dist_line    139842
Name: 416, dtype: object
416 29 274 311 569 167 49 218 349 581 541 194 450 448 485 425 46 17 dist_line    139469
Name: 416, dtype: object
416 145 92 294 506 75 183 193 541 245 450 448 53 230 204 15 dist_line    135638
Name: 416, dtype: object
416 79 92 294 506 167 267 233 33 194 450 113 485 277 370 15 dist_line    135598
Name: 416, dtype: object
416 79 92 311 123 151 170 278 541 315 403 583 397 560 14 dist_line    129392
Name: 416, dtype: object
416 29 591 290 217 558 253 218 33 11 450 359 225 341 83 494 305 17 dist_line    148152
Name: 416, dtype: object
416 145 92 311 123 159 603 218 349 194 288 448 485 583 12 530 16 dist_line    140601
Name: 416, dtype: object
416 79 357 176 47 558 253 75 524 306 2 538 556 566 555 381 402 17 dist_line    159334
Name: 416, dtype: object
416 145 92 69 506 75 170 233 33 194 450 448 485 230 204 15 dist_line    130043
Name: 416, dtype: object
416 145 503 294 136 607 56 193 541 245 450 113 485 425 46 15 dist_line    138291
Name: 416, dtype: object
416 79 503 69 506 75 524 278 375 315 403 583 397 530 14 dist_line    133168
Name: 416, dtype: object
416 145 92 69 91 167 482 218 33 11 450 113 53 594 368 302 16 dist_line    140197
Name: 416, dtype: object
416 145 357 431 509 9 253 218 61 581 541 194 450 262 485 425 501 17 dist_line    146377
Name: 416, dtype: object
416 145 92 294 506 75 524 581 89 11 369 214 555 248 368 560 16 dist_line    143416
Name: 416, dtype: object
416 79 357 431 64 294 91 607 56 193 541 245 450 448 485 583 397 421 18 dist_line    160304
Name: 416, dtype: object
416 79 92 311 123 151 170 27 375 122 450 448 485 230 204 15 dist_line    137183
Name: 416, dtype: object
416 79 274 290 217 167 49 371 183 306 2 538 284 273 388 530 501 17 dist_line    154440
Name: 416, dtype: object
416 529 591 163 509 167 267 233 33 194 99 448 485 425 402 15 dist_line    144919
Name: 416, dtype: object
416 145 274 311 569 167 49 581 33 118 99 448 485 14 261 15 dist_line    142325
Name: 416, dtype: object
416 145 92 69 91 75 61 581 541 11 450 172 340 277 402 15 dist_line    140711
Name: 416, dtype: object
416 79 92 163 217 558 451 495 603 233 33 11 450 262 406 14 261 17 dist_line    152854
Name: 416, dtype: object
416 145 503 69 91 167 482 218 524 581 541 11 450 448 485 277 370 17 dist_line    151971
Name: 416, dtype: object
416 145 92 311 123 159 603 218 33 11 369 448 53 14 261 15 dist_line    141953
Name: 416, dtype: object
416 145 492 431 417 80 237 155 89 11 450 172 513 583 370 302 16 dist_line    143521
Name: 416, dtype: object
416 79 274 163 569 495 49 233 33 11 450 448 485 425 46 15 dist_line    138311
Name: 416, dtype: object
416 145 357 311 123 151 170 27 375 250 369 457 166 583 12 530 16 dist_line    137341
Name: 416, dtype: object
416 145 591 176 47 290 128 558 482 218 349 194 288 448 485 14 261 17 dist_line    157270
Name: 416, dtype: object
416 145 92 294 91 371 399 581 541 194 450 172 340 583 370 302 16 dist_line    134309
Name: 416, dtype: object
416 529 591 311 569 80 237 371 399 27 375 194 450 448 485 277 402 17 dist_line    139000
Name: 416, dtype: object
416 145 357 163 217 9 253 218 349 278 375 198 476 273 388 530 46 17 dist_line    156595
Name: 416, dtype: object
416 529 274 311 569 80 108 371 61 278 541 245 450 286 67 381 410 17 dist_line    158006
Name: 416, dtype: object
416 529 367 290 217 495 49 606 58 533 236 407 469 601 225 195 261 17 dist_line    153158
Name: 416, dtype: object
416 29 492 431 417 80 91 351 148 155 183 278 338 315 450 286 67 277 46 19 dist_line    170735
Name: 416, dtype: object
416 145 357 311 123 151 170 27 375 11 450 262 485 248 368 530 46 17 dist_line    140894
Name: 416, dtype: object
416 145 92 311 123 151 267 218 33 11 450 448 53 14 261 15 dist_line    139838
Name: 416, dtype: object
416 145 92 431 509 9 253 218 183 581 541 194 450 286 67 530 501 17 dist_line    144423
Name: 416, dtype: object
416 529 492 578 64 294 506 371 524 27 541 315 403 248 368 497 16 dist_line    150570
Name: 416, dtype: object
416 145 357 163 569 558 482 218 349 194 288 113 485 277 402 15 dist_line    139502
Name: 416, dtype: object
416 79 92 69 569 167 267 581 33 118 99 245 450 113 53 594 397 497 18 dist_line    149424
Name: 416, dtype: object
416 29 591 311 569 558 451 495 267 581 33 118 99 448 485 230 204 17 dist_line    159274
Name: 416, dtype: object
416 145 357 69 506 371 524 581 541 194 450 286 67 436 501 15 dist_line    128621
Name: 416, dtype: object
416 29 492 200 76 558 482 218 33 11 450 113 53 583 397 18 16 dist_line    145873
Name: 416, dtype: object
416 145 492 69 123 159 253 218 183 27 375 206 556 520 513 583 370 518 18 dist_line    149533
Name: 416, dtype: object
416 79 92 163 217 558 482 218 399 581 541 11 288 245 450 448 485 277 370 19 dist_line    162832
Name: 416, dtype: object
416 79 92 294 91 371 183 581 541 11 369 448 485 230 204 15 dist_line    136599
Name: 416, dtype: object
416 145 274 431 417 294 136 15 148 36 2 206 556 273 12 518 16 dist_line    141940
Name: 416, dtype: object
416 79 503 431 509 294 506 28 467 233 89 194 450 448 485 230 204 17 dist_line    151810
Name: 416, dtype: object
416 79 92 294 136 15 148 36 2 206 556 273 12 530 14 dist_line    130353
Name: 416, dtype: object
416 29 591 311 569 167 603 218 349 531 265 122 450 286 67 277 370 17 dist_line    144723
Name: 416, dtype: object
416 145 591 176 47 9 253 218 61 278 453 250 369 561 53 583 397 560 18 dist_line    152111
Name: 416, dtype: object
416 79 92 69 91 167 49 233 33 11 450 448 485 195 261 15 dist_line    145350
Name: 416, dtype: object
416 529 591 249 358 537 128 143 348 606 592 60 227 44 225 181 405 230 204 19 dist_line    159223
Name: 416, dtype: object
416 145 92 69 91 75 61 193 541 245 450 286 400 248 368 302 16 dist_line    140306
Name: 416, dtype: object
416 79 92 294 91 151 170 233 33 118 99 601 225 195 261 15 dist_line    138986
Name: 416, dtype: object
416 79 357 431 509 9 253 218 33 194 450 172 340 436 370 15 dist_line    141002
Name: 416, dtype: object
416 145 357 69 91 75 61 278 375 11 450 448 485 3 397 277 46 17 dist_line    133980
Name: 416, dtype: object
416 145 92 163 569 9 253 218 33 194 450 286 67 530 501 15 dist_line    133994
Name: 416, dtype: object
416 79 92 311 123 28 170 27 453 206 556 273 555 530 501 15 dist_line    140196
Name: 416, dtype: object
416 529 274 69 123 75 524 278 541 245 450 113 225 341 83 494 305 17 dist_line    154322
Name: 416, dtype: object
416 79 92 311 569 495 267 282 33 27 453 250 369 262 406 3 397 530 18 dist_line    154783
Name: 416, dtype: object
416 145 92 163 217 558 253 218 349 531 99 113 485 277 370 15 dist_line    133827
Name: 416, dtype: object
416 145 492 69 123 80 108 371 399 27 375 206 556 273 555 425 370 17 dist_line    139583
Name: 416, dtype: object
416 145 274 69 123 75 524 306 2 206 556 273 12 518 14 dist_line    134560
Name: 416, dtype: object
416 145 92 311 123 28 170 233 89 11 450 448 485 14 261 15 dist_line    137880
Name: 416, dtype: object
416 529 274 69 123 159 603 75 524 27 541 250 369 566 59 530 46 17 dist_line    151355
Name: 416, dtype: object
416 529 274 290 217 167 49 581 33 194 450 262 485 425 46 15 dist_line    140824
Name: 416, dtype: object
416 29 274 69 123 151 170 27 375 250 369 457 166 141 555 530 46 17 dist_line    140848
Name: 416, dtype: object
416 79 274 294 136 351 148 466 468 198 556 141 555 594 12 530 16 dist_line    147372
Name: 416, dtype: object
416 79 92 311 569 167 49 233 33 11 450 262 485 425 501 15 dist_line    131521
Name: 416, dtype: object
416 79 591 176 76 9 253 218 349 194 265 561 53 248 368 560 16 dist_line    143470
Name: 416, dtype: object
416 145 357 69 91 151 267 75 56 278 2 198 556 273 12 518 16 dist_line    148179
Name: 416, dtype: object
416 145 274 163 569 167 603 218 33 11 369 457 340 277 402 15 dist_line    136105
Name: 416, dtype: object
416 145 92 294 506 28 467 371 418 27 541 245 450 113 485 248 368 560 18 dist_line    139164
Name: 416, dtype: object
416 529 367 176 76 558 253 218 33 11 450 448 53 594 368 560 16 dist_line    146831
Name: 416, dtype: object
416 145 92 163 569 80 108 74 56 278 2 206 556 273 12 518 16 dist_line    147098
Name: 416, dtype: object
416 79 492 294 123 167 267 581 33 11 369 172 340 273 555 530 501 17 dist_line    145087
Name: 416, dtype: object
416 529 367 290 217 495 482 126 127 241 515 44 458 195 83 497 16 dist_line    144978
Name: 416, dtype: object
416 529 274 69 123 151 170 155 89 11 450 448 485 230 204 15 dist_line    134930
Name: 416, dtype: object
416 79 346 294 123 607 170 581 33 11 450 262 485 594 368 497 16 dist_line    136852
Name: 416, dtype: object
416 145 503 294 136 351 148 306 142 250 369 566 400 277 501 15 dist_line    131668
Name: 416, dtype: object
416 29 274 176 47 9 596 495 603 233 33 194 450 286 67 530 501 17 dist_line    155683
Name: 416, dtype: object
416 79 503 69 506 75 524 193 375 315 403 583 397 497 14 dist_line    130718
Name: 416, dtype: object
416 145 92 294 91 371 183 193 541 315 403 583 397 497 14 dist_line    124492
Name: 416, dtype: object
416 79 274 294 136 607 524 581 541 194 450 262 485 248 368 560 16 dist_line    129790
Name: 416, dtype: object
416 145 357 163 217 558 253 75 61 193 375 315 403 214 67 530 501 17 dist_line    149120
Name: 416, dtype: object
416 79 274 163 569 495 49 581 33 194 450 286 67 530 501 15 dist_line    139664
Name: 416, dtype: object
416 79 503 69 91 75 56 278 375 250 369 448 53 230 204 15 dist_line    137028
Name: 416, dtype: object
416 529 492 431 417 80 237 155 33 11 450 448 53 230 204 15 dist_line    144320
Name: 416, dtype: object
416 79 92 69 91 75 56 306 2 206 556 273 12 518 14 dist_line    133139
Name: 416, dtype: object
416 29 274 69 123 75 524 193 541 122 450 262 485 425 368 497 16 dist_line    144237
Name: 416, dtype: object
416 529 591 290 217 9 253 75 56 306 2 11 369 172 513 273 12 518 18 dist_line    161701
Name: 416, dtype: object
416 79 92 69 506 371 61 27 375 250 369 457 513 277 402 15 dist_line    129312
Name: 416, dtype: object
416 145 92 294 506 371 418 27 338 198 284 273 12 518 14 dist_line    132248
Name: 416, dtype: object
416 529 492 431 417 80 237 218 33 11 450 262 406 14 261 15 dist_line    145408
Name: 416, dtype: object
416 145 503 431 509 9 253 218 33 11 450 448 485 436 501 15 dist_line    133051
Name: 416, dtype: object
416 529 591 290 217 167 267 218 349 531 99 113 485 277 402 15 dist_line    138757
Name: 416, dtype: object
416 145 92 311 123 28 170 27 375 315 403 248 368 302 14 dist_line    126466
Name: 416, dtype: object
416 79 503 200 76 9 253 218 33 11 369 214 59 381 501 15 dist_line    135802
Name: 416, dtype: object
