275 150 114 5 222 227 309 54 123 115 160 92 175 279 302 161 16 dist_line    144234
Name: 275, dtype: object
140 150 114 5 222 8 229 255 123 115 160 191 19 50 247 61 292 17 dist_line    138614
Name: 140, dtype: object
275 163 114 209 173 8 229 255 123 45 160 92 175 279 302 84 124 17 dist_line    149281
Name: 275, dtype: object
140 104 290 209 173 8 229 255 123 231 160 92 93 61 166 15 dist_line    132463
Name: 140, dtype: object
275 163 114 209 173 8 309 121 123 115 181 191 19 92 93 61 292 17 dist_line    148256
Name: 275, dtype: object
260 150 114 5 222 8 309 54 123 45 160 92 93 61 292 15 dist_line    130795
Name: 260, dtype: object
275 163 114 5 222 227 309 305 123 45 160 92 93 61 292 15 dist_line    125400
Name: 275, dtype: object
140 163 114 209 58 8 225 305 123 231 41 33 289 50 247 313 210 212 18 dist_line    156066
Name: 140, dtype: object
275 226 180 158 149 8 225 255 123 231 160 92 93 61 292 15 dist_line    127918
Name: 275, dtype: object
140 271 180 158 149 8 229 255 123 115 160 191 19 244 177 313 210 99 292 19 dist_line    155840
Name: 140, dtype: object
275 163 238 8 309 54 123 231 160 191 19 244 177 313 210 97 16 dist_line    141879
Name: 275, dtype: object
275 150 114 5 222 227 309 121 123 49 160 92 175 279 302 161 16 dist_line    141222
Name: 275, dtype: object
140 163 238 5 222 8 225 255 123 45 181 191 19 50 247 61 292 17 dist_line    145262
Name: 140, dtype: object
140 163 114 5 222 227 309 54 123 45 181 211 321 279 302 84 59 17 dist_line    148081
Name: 140, dtype: object
140 104 114 5 222 8 229 255 123 115 181 191 19 244 177 313 210 99 292 19 dist_line    165745
Name: 140, dtype: object
260 226 180 158 149 8 225 255 123 45 160 92 93 61 166 15 dist_line    135038
Name: 260, dtype: object
140 104 114 5 222 227 309 121 123 231 160 92 93 61 166 15 dist_line    136465
Name: 140, dtype: object
140 104 290 158 58 8 229 255 123 115 181 191 19 50 187 61 292 17 dist_line    145045
Name: 140, dtype: object
275 163 238 8 309 54 123 45 160 92 93 61 292 13 dist_line    117698
Name: 275, dtype: object
140 104 290 158 149 8 229 255 123 231 160 92 93 61 292 15 dist_line    127851
Name: 140, dtype: object
275 150 114 5 222 227 309 54 123 115 181 191 19 244 177 313 210 99 292 19 dist_line    164772
Name: 275, dtype: object
140 226 180 158 58 8 309 305 123 45 160 92 93 61 292 15 dist_line    119764
Name: 140, dtype: object
275 150 114 5 222 227 309 54 123 231 160 92 93 61 166 15 dist_line    136652
Name: 275, dtype: object
157 252 266 100 137 194 190 171 168 115 181 191 19 50 88 38 287 17 dist_line    152940
Name: 157, dtype: object
140 104 290 158 149 8 309 54 123 45 160 92 93 61 292 15 dist_line    125428
Name: 140, dtype: object
140 104 114 5 222 8 225 255 123 45 160 92 93 38 110 99 16 dist_line    132376
Name: 140, dtype: object
275 163 114 5 222 227 309 305 123 45 181 211 321 279 302 84 124 17 dist_line    147825
Name: 275, dtype: object
140 271 180 75 173 8 309 121 123 115 181 191 19 50 247 38 110 61 292 19 dist_line    150695
Name: 140, dtype: object
140 104 290 209 58 8 229 255 123 45 160 92 93 61 166 15 dist_line    133286
Name: 140, dtype: object
260 226 180 209 58 8 309 305 123 231 41 33 289 50 177 72 210 99 292 19 dist_line    156613
Name: 260, dtype: object
140 150 114 5 222 8 229 255 123 115 160 92 93 38 287 15 dist_line    130990
Name: 140, dtype: object
275 163 114 8 309 305 123 115 160 92 93 61 166 13 dist_line    120795
Name: 275, dtype: object
140 163 238 8 225 255 123 46 168 115 181 191 19 50 323 61 292 17 dist_line    151981
Name: 140, dtype: object
275 226 180 158 149 8 229 255 123 231 160 92 175 279 302 161 16 dist_line    144417
Name: 275, dtype: object
140 163 238 5 222 227 309 54 123 115 160 92 93 61 292 15 dist_line    130579
Name: 140, dtype: object
275 226 180 158 58 8 309 121 123 45 160 92 93 61 292 15 dist_line    122638
Name: 275, dtype: object
140 163 238 5 222 227 309 305 123 45 160 92 93 38 287 15 dist_line    128717
Name: 140, dtype: object
140 163 238 8 225 255 123 231 160 92 175 279 302 84 59 15 dist_line    131379
Name: 140, dtype: object
275 163 238 8 225 255 123 115 160 92 93 61 292 13 dist_line    117598
Name: 275, dtype: object
275 163 238 8 225 255 123 115 160 191 19 244 88 313 210 97 16 dist_line    145619
Name: 275, dtype: object
140 150 114 5 222 227 309 54 123 115 181 191 19 50 187 61 292 17 dist_line    149010
Name: 140, dtype: object
140 104 290 209 58 8 225 255 123 45 160 92 93 61 166 15 dist_line    130369
Name: 140, dtype: object
275 163 238 8 225 255 123 231 160 92 93 61 166 13 dist_line    123598
Name: 275, dtype: object
140 150 114 234 222 8 225 255 123 45 160 92 175 279 302 161 16 dist_line    131045
Name: 140, dtype: object
275 226 180 158 58 8 225 255 123 45 160 92 93 61 166 15 dist_line    130646
Name: 275, dtype: object
275 226 180 209 173 8 309 54 123 115 181 191 19 50 246 313 210 212 18 dist_line    157960
Name: 275, dtype: object
140 271 180 158 149 8 225 255 123 45 181 191 19 50 247 61 292 17 dist_line    146042
Name: 140, dtype: object
140 163 114 5 222 8 225 255 123 115 181 191 19 50 187 313 210 212 18 dist_line    158208
Name: 140, dtype: object
275 226 180 75 235 158 58 8 225 255 123 45 160 92 93 38 110 99 18 dist_line    146348
Name: 275, dtype: object
140 163 238 31 137 194 205 196 119 46 168 45 160 92 93 61 292 17 dist_line    139940
Name: 140, dtype: object
140 104 114 188 222 227 309 121 123 115 160 92 93 61 292 15 dist_line    126726
Name: 140, dtype: object
140 163 114 8 309 121 123 231 160 191 19 244 177 313 210 97 16 dist_line    137121
Name: 140, dtype: object
140 271 180 158 58 8 229 255 123 45 160 92 93 61 166 15 dist_line    132084
Name: 140, dtype: object
275 150 114 5 222 8 309 121 123 115 181 191 19 50 247 313 210 97 18 dist_line    152404
Name: 275, dtype: object
260 226 180 158 58 8 229 255 123 45 160 191 19 244 177 313 110 99 18 dist_line    149344
Name: 260, dtype: object
275 226 180 158 149 8 225 255 123 115 181 191 19 244 177 72 210 97 18 dist_line    161648
Name: 275, dtype: object
140 271 180 209 173 8 229 255 123 231 41 324 19 244 177 313 96 212 292 19 dist_line    160719
Name: 140, dtype: object
260 226 180 158 58 8 225 305 123 314 168 115 181 191 19 50 247 61 292 19 dist_line    160574
Name: 260, dtype: object
140 163 114 5 222 227 309 54 123 231 160 191 19 244 177 72 210 99 292 19 dist_line    156306
Name: 140, dtype: object
140 271 180 209 173 8 229 255 123 115 181 191 19 50 88 72 210 212 18 dist_line    158352
Name: 140, dtype: object
140 104 114 5 222 8 225 255 123 231 160 92 93 61 166 15 dist_line    134708
Name: 140, dtype: object
275 163 114 8 309 54 123 115 160 92 93 61 166 13 dist_line    124995
Name: 275, dtype: object
140 163 114 8 309 121 123 49 160 92 93 61 166 13 dist_line    120147
Name: 140, dtype: object
275 226 180 158 149 8 229 255 123 115 160 92 175 279 302 84 124 17 dist_line    149345
Name: 275, dtype: object
260 226 180 209 173 8 229 255 123 45 160 191 19 50 187 38 287 17 dist_line    148723
Name: 260, dtype: object
140 104 290 158 149 8 309 121 123 45 160 92 93 61 166 15 dist_line    129052
Name: 140, dtype: object
140 150 114 188 222 227 309 54 123 115 160 92 93 61 292 15 dist_line    125467
Name: 140, dtype: object
140 271 180 75 173 8 309 121 123 115 160 92 93 61 292 15 dist_line    125835
Name: 140, dtype: object
275 226 180 158 58 8 225 255 123 115 160 92 93 61 292 15 dist_line    125308
Name: 275, dtype: object
275 163 238 5 222 8 229 255 123 115 160 92 93 61 166 15 dist_line    137199
Name: 275, dtype: object
275 163 114 8 309 121 123 49 160 92 93 61 292 13 dist_line    115588
Name: 275, dtype: object
140 150 114 5 222 227 309 54 123 45 160 92 93 61 292 15 dist_line    128150
Name: 140, dtype: object
275 163 114 8 309 121 123 115 181 191 19 244 177 72 210 99 292 17 dist_line    151740
Name: 275, dtype: object
275 163 238 8 309 305 123 231 160 191 19 244 177 313 311 99 16 dist_line    133684
Name: 275, dtype: object
275 226 180 75 173 8 309 305 123 115 160 92 93 61 292 15 dist_line    125883
Name: 275, dtype: object
140 163 238 8 225 255 123 45 160 92 93 61 166 13 dist_line    121100
Name: 140, dtype: object
140 226 180 158 58 8 225 255 123 231 160 92 93 61 292 15 dist_line    123471
Name: 140, dtype: object
140 271 180 209 58 8 309 121 123 49 160 92 93 61 166 15 dist_line    132338
Name: 140, dtype: object
260 226 180 158 149 8 225 255 123 115 160 191 19 244 177 313 210 212 18 dist_line    151396
Name: 260, dtype: object
275 226 180 158 149 8 229 255 123 231 160 92 93 61 292 15 dist_line    130834
Name: 275, dtype: object
260 150 114 5 222 8 225 255 123 45 181 191 19 244 177 313 210 97 18 dist_line    162405
Name: 260, dtype: object
