140 104 290 158 58 8 229 255 123 231 160 92 93 38 287 15 dist_line    128241
Name: 140, dtype: object
140 150 114 5 222 227 309 54 123 115 160 92 93 61 166 15 dist_line    135600
Name: 140, dtype: object
140 271 180 56 58 8 225 255 123 115 181 191 19 50 187 61 292 17 dist_line    147155
Name: 140, dtype: object
140 271 180 209 173 8 225 255 123 231 160 92 175 279 302 84 59 17 dist_line    141933
Name: 140, dtype: object
140 271 180 75 173 8 225 255 123 45 160 92 93 61 166 15 dist_line    132787
Name: 140, dtype: object
275 163 238 8 225 255 123 115 181 191 19 50 187 61 292 15 dist_line    137402
Name: 275, dtype: object
275 163 114 209 58 8 225 305 123 115 160 92 93 38 96 212 292 17 dist_line    150614
Name: 275, dtype: object
275 163 238 5 222 227 309 121 123 231 160 92 93 38 110 212 292 17 dist_line    141175
Name: 275, dtype: object
140 163 114 5 222 227 309 305 123 45 160 191 19 244 177 313 210 99 292 19 dist_line    149655
Name: 140, dtype: object
140 163 238 8 309 121 123 231 160 92 175 279 302 84 124 15 dist_line    131873
Name: 140, dtype: object
275 163 114 8 309 54 123 231 160 92 93 61 166 13 dist_line    124601
Name: 275, dtype: object
140 226 180 158 58 8 225 255 123 231 41 324 19 50 88 72 210 97 18 dist_line    149314
Name: 140, dtype: object
260 226 180 209 173 8 225 255 123 231 160 92 93 38 96 212 292 17 dist_line    145597
Name: 260, dtype: object
157 169 266 100 137 194 205 171 168 45 160 191 19 244 88 313 210 97 18 dist_line    154511
Name: 157, dtype: object
140 271 180 209 58 8 229 255 123 45 181 191 19 50 246 72 210 99 292 19 dist_line    164126
Name: 140, dtype: object
140 104 290 158 58 8 225 255 123 115 160 92 93 61 292 15 dist_line    122325
Name: 140, dtype: object
275 150 114 5 222 227 309 54 123 45 160 92 93 38 287 15 dist_line    132989
Name: 275, dtype: object
260 184 140 150 114 5 222 227 309 121 123 49 160 191 19 50 187 313 311 212 20 dist_line    163082
Name: 260, dtype: object
260 226 180 158 58 8 229 255 123 231 160 92 93 61 292 15 dist_line    129219
Name: 260, dtype: object
140 163 114 8 309 121 123 45 160 92 93 61 292 13 dist_line    112940
Name: 140, dtype: object
140 150 114 5 222 227 309 121 123 45 160 92 93 61 292 15 dist_line    125381
Name: 140, dtype: object
140 226 180 158 149 8 229 255 123 231 160 191 19 244 177 72 210 97 18 dist_line    154698
Name: 140, dtype: object
140 150 114 5 222 227 309 121 123 49 160 92 93 61 292 15 dist_line    126194
Name: 140, dtype: object
140 271 180 40 290 8 309 54 123 45 181 191 19 50 187 61 292 17 dist_line    145095
Name: 140, dtype: object
140 271 180 56 58 8 225 305 123 231 160 92 93 61 166 15 dist_line    136371
Name: 140, dtype: object
140 163 238 188 222 8 225 255 123 231 41 213 164 35 289 50 247 61 292 19 dist_line    149528
Name: 140, dtype: object
140 163 114 8 309 305 123 231 160 92 175 279 302 84 124 15 dist_line    130289
Name: 140, dtype: object
140 163 114 8 309 54 123 115 160 92 93 38 311 212 14 dist_line    129914
Name: 140, dtype: object
140 104 290 209 58 8 309 54 123 45 160 92 93 61 292 15 dist_line    125131
Name: 140, dtype: object
140 104 290 158 58 8 229 255 123 45 160 92 93 61 166 15 dist_line    130579
Name: 140, dtype: object
275 163 114 8 309 121 123 45 181 191 19 244 88 313 210 97 16 dist_line    152044
Name: 275, dtype: object
140 271 180 209 58 8 229 255 123 115 160 92 93 61 292 15 dist_line    130718
Name: 140, dtype: object
275 163 114 8 309 54 123 115 160 92 93 61 166 13 dist_line    124995
Name: 275, dtype: object
140 104 290 209 58 8 229 255 123 231 160 92 93 61 292 15 dist_line    127555
Name: 140, dtype: object
140 150 114 5 222 227 309 305 123 45 160 92 93 61 292 15 dist_line    123950
Name: 140, dtype: object
140 163 238 8 225 255 123 231 160 92 93 61 292 13 dist_line    115369
Name: 140, dtype: object
140 226 180 209 173 8 225 255 123 115 160 92 93 61 292 15 dist_line    126352
Name: 140, dtype: object
140 163 238 209 173 8 309 54 123 45 160 92 93 38 287 15 dist_line    133044
Name: 140, dtype: object
140 163 238 8 225 255 123 231 160 92 93 61 166 13 dist_line    121763
Name: 140, dtype: object
140 163 238 5 222 8 225 255 123 231 160 92 175 279 302 161 16 dist_line    139243
Name: 140, dtype: object
275 150 114 5 222 8 309 121 123 115 160 191 19 50 323 61 292 17 dist_line    134616
Name: 275, dtype: object
140 163 114 209 58 8 225 255 123 115 181 191 19 50 177 313 210 97 18 dist_line    155557
Name: 140, dtype: object
260 226 180 40 290 8 225 255 123 115 160 92 93 38 110 212 292 17 dist_line    138764
Name: 260, dtype: object
140 104 114 5 222 227 309 121 123 231 41 221 19 50 323 61 292 17 dist_line    143601
Name: 140, dtype: object
140 226 180 158 58 8 309 305 123 231 160 92 93 61 292 15 dist_line    120427
Name: 140, dtype: object
275 150 114 5 222 8 229 255 123 45 160 92 93 61 166 15 dist_line    134380
Name: 275, dtype: object
275 150 105 31 60 194 205 108 168 45 160 92 93 61 292 15 dist_line    133614
Name: 275, dtype: object
140 163 238 8 309 54 123 45 160 92 93 61 292 13 dist_line    115862
Name: 140, dtype: object
275 150 114 5 222 8 225 255 123 115 181 191 19 244 177 313 210 99 292 19 dist_line    160246
Name: 275, dtype: object
140 163 238 188 222 227 309 121 123 45 181 191 19 50 247 61 292 17 dist_line    143010
Name: 140, dtype: object
275 163 114 5 222 8 309 54 123 45 160 92 93 61 292 15 dist_line    126229
Name: 275, dtype: object
260 150 114 5 222 227 309 121 123 49 160 92 93 61 166 15 dist_line    138603
Name: 260, dtype: object
140 163 238 8 309 121 123 115 181 191 19 244 177 313 311 99 16 dist_line    141703
Name: 140, dtype: object
275 150 114 234 222 227 309 54 123 231 41 221 164 244 88 38 110 99 18 dist_line    149376
Name: 275, dtype: object
140 163 238 8 309 305 123 45 160 191 19 50 177 313 210 212 16 dist_line    128415
Name: 140, dtype: object
140 163 238 8 225 255 123 231 160 92 93 61 292 13 dist_line    115369
Name: 140, dtype: object
140 104 114 5 222 227 309 305 123 115 160 92 93 61 166 15 dist_line    135427
Name: 140, dtype: object
140 104 114 31 60 194 190 171 168 115 160 92 93 61 166 15 dist_line    142379
Name: 140, dtype: object
140 150 114 5 222 8 229 255 123 231 160 191 19 50 187 61 292 17 dist_line    138977
Name: 140, dtype: object
140 163 238 8 225 255 123 115 160 92 175 279 302 84 124 15 dist_line    133880
Name: 140, dtype: object
140 163 238 8 225 255 123 45 181 211 321 279 302 84 59 15 dist_line    135024
Name: 140, dtype: object
140 104 290 158 58 8 229 255 123 45 160 92 93 38 110 212 166 17 dist_line    136192
Name: 140, dtype: object
140 104 290 158 58 8 225 255 123 115 160 92 93 61 292 15 dist_line    122325
Name: 140, dtype: object
140 104 290 158 58 8 309 121 123 45 160 92 93 38 287 15 dist_line    123049
Name: 140, dtype: object
140 163 238 8 225 255 123 115 181 191 19 50 246 72 210 97 16 dist_line    146437
Name: 140, dtype: object
140 104 290 158 149 8 225 255 123 231 160 92 93 61 292 15 dist_line    124935
Name: 140, dtype: object
260 150 114 5 222 227 309 54 123 45 160 92 93 61 292 15 dist_line    134166
Name: 260, dtype: object
140 163 114 8 309 305 123 231 160 92 175 279 302 161 14 dist_line    125755
Name: 140, dtype: object
157 169 266 100 60 194 205 171 168 45 160 92 175 279 302 84 59 17 dist_line    144535
Name: 157, dtype: object
140 163 238 5 222 227 309 305 123 231 160 191 19 50 187 61 292 17 dist_line    137760
Name: 140, dtype: object
140 104 290 209 58 8 229 255 123 231 41 269 19 50 187 61 292 17 dist_line    148109
Name: 140, dtype: object
260 150 114 5 222 227 309 121 123 45 160 92 93 61 166 15 dist_line    137790
Name: 260, dtype: object
140 252 322 198 137 194 205 171 168 45 160 92 93 38 110 99 16 dist_line    137001
Name: 140, dtype: object
140 104 290 158 58 8 309 54 123 231 41 269 19 50 323 61 292 17 dist_line    141972
Name: 140, dtype: object
140 104 290 209 173 8 309 305 123 115 181 191 19 50 88 72 210 97 18 dist_line    151444
Name: 140, dtype: object
275 150 114 5 222 227 309 121 123 45 160 92 93 61 292 15 dist_line    126826
Name: 275, dtype: object
140 271 180 158 58 8 309 54 123 115 160 191 19 244 177 72 311 212 18 dist_line    152446
Name: 140, dtype: object
275 163 114 209 173 8 225 255 123 45 181 191 19 244 177 313 210 97 18 dist_line    161013
Name: 275, dtype: object
140 163 114 5 222 227 309 305 123 115 160 92 93 38 287 15 dist_line    128013
Name: 140, dtype: object
140 163 114 8 309 305 123 45 160 92 93 61 166 13 dist_line    117903
Name: 140, dtype: object
140 271 180 209 173 8 225 255 123 231 160 92 93 61 292 15 dist_line    125923
Name: 140, dtype: object
140 104 290 158 149 8 229 255 123 45 160 92 93 38 287 15 dist_line    130582
Name: 140, dtype: object
140 104 290 158 149 8 225 255 123 231 160 92 93 61 166 15 dist_line    131329
Name: 140, dtype: object
275 163 238 8 309 305 123 45 181 191 19 50 247 61 292 15 dist_line    133762
Name: 275, dtype: object
140 150 114 234 222 227 309 305 123 45 181 191 19 50 177 313 210 97 18 dist_line    145609
Name: 140, dtype: object
140 163 238 8 309 305 123 45 160 92 93 61 166 13 dist_line    118056
Name: 140, dtype: object
140 163 238 8 309 121 123 231 160 92 93 61 292 13 dist_line    113755
Name: 140, dtype: object
140 226 180 75 173 8 229 255 123 45 160 92 93 61 292 15 dist_line    129344
Name: 140, dtype: object
140 104 290 158 149 8 229 255 123 115 160 92 93 61 166 15 dist_line    134638
Name: 140, dtype: object
140 271 180 209 173 8 309 305 123 231 160 92 93 38 110 99 16 dist_line    127603
Name: 140, dtype: object
275 163 238 8 225 255 123 115 160 92 93 61 292 13 dist_line    117598
Name: 275, dtype: object
140 163 114 8 309 305 123 115 160 92 93 61 292 13 dist_line    112566
Name: 140, dtype: object
275 150 114 5 222 227 309 54 123 45 160 92 175 279 302 161 16 dist_line    143178
Name: 275, dtype: object
260 226 180 158 149 8 225 255 123 45 181 211 321 279 302 84 59 17 dist_line    148961
Name: 260, dtype: object
140 163 114 234 222 8 229 255 123 231 160 92 93 38 287 15 dist_line    124048
Name: 140, dtype: object
140 104 290 209 173 8 309 305 123 115 160 92 93 61 292 15 dist_line    120502
Name: 140, dtype: object
140 271 180 158 58 8 229 255 123 115 160 92 93 61 166 15 dist_line    133140
Name: 140, dtype: object
140 150 114 5 222 227 309 54 123 115 160 92 93 61 292 15 dist_line    129206
Name: 140, dtype: object
275 163 238 8 225 255 123 231 160 92 93 61 166 13 dist_line    123598
Name: 275, dtype: object
140 150 114 251 137 194 190 171 168 115 181 191 19 50 323 61 292 17 dist_line    145035
Name: 140, dtype: object
140 150 114 5 222 8 229 255 123 115 160 92 93 61 292 15 dist_line    127597
Name: 140, dtype: object
140 163 238 8 309 121 123 115 160 92 93 61 292 13 dist_line    114149
Name: 140, dtype: object
140 104 290 209 58 8 225 255 123 45 160 92 93 61 292 15 dist_line    123976
Name: 140, dtype: object
140 104 114 234 222 8 225 255 123 115 160 191 19 50 187 313 210 212 18 dist_line    148429
Name: 140, dtype: object
275 163 238 5 222 227 309 54 123 115 160 92 93 61 166 15 dist_line    138808
Name: 275, dtype: object
140 163 238 8 225 255 123 115 181 211 321 279 302 84 124 15 dist_line    136971
Name: 140, dtype: object
