275 163 238 5 222 227 309 54 123 45 181 191 19 50 247 61 292 17 dist_line    151623
Name: 275, dtype: object
140 104 290 158 58 8 229 255 123 115 160 191 19 92 93 61 292 17 dist_line    137778
Name: 140, dtype: object
140 163 238 8 225 255 123 231 41 324 160 191 19 244 177 313 210 99 292 19 dist_line    157512
Name: 140, dtype: object
140 104 114 251 137 194 205 171 168 207 44 211 321 279 302 161 16 dist_line    142139
Name: 140, dtype: object
140 163 238 8 225 255 123 45 181 191 19 50 247 61 292 15 dist_line    134971
Name: 140, dtype: object
140 104 290 209 58 8 225 255 123 45 160 92 93 61 292 15 dist_line    123976
Name: 140, dtype: object
140 163 238 8 225 255 123 115 160 92 93 38 287 13 dist_line    119156
Name: 140, dtype: object
140 163 238 8 225 255 123 314 168 115 160 191 19 50 323 61 292 17 dist_line    137679
Name: 140, dtype: object
140 104 290 158 58 173 8 309 305 123 45 181 191 19 244 177 313 210 97 19 dist_line    152483
Name: 140, dtype: object
140 150 114 5 222 227 309 54 123 115 160 92 93 61 166 15 dist_line    135600
Name: 140, dtype: object
140 271 180 158 173 8 225 255 123 231 160 92 93 61 166 15 dist_line    128268
Name: 140, dtype: object
