275 140 163 238 8 225 255 123 231 41 213 164 35 289 50 247 61 292 18 dist_line    147366
Name: 275, dtype: object
140 163 114 188 222 8 229 255 123 125 168 115 160 92 93 61 292 17 dist_line    141395
Name: 140, dtype: object
140 104 290 158 173 8 229 255 123 115 160 92 93 61 292 15 dist_line    123679
Name: 140, dtype: object
140 163 238 8 225 255 123 231 160 92 93 61 292 13 dist_line    115369
Name: 140, dtype: object
140 271 180 290 209 58 8 225 255 123 231 160 92 93 61 292 16 dist_line    127974
Name: 140, dtype: object
140 104 290 158 149 8 229 255 123 115 181 191 19 50 187 38 110 212 292 19 dist_line    162483
Name: 140, dtype: object
275 140 163 238 8 225 255 123 115 160 92 93 38 96 61 292 16 dist_line    131457
Name: 275, dtype: object
