492 431 294 123 237 371 61 11 450 341 83 11 dist_line    124980
Name: 492, dtype: object
503 69 237 233 375 194 328 262 53 230 528 11 dist_line    132623
Name: 503, dtype: object
503 311 506 607 33 194 99 262 225 195 204 11 dist_line    132795
Name: 503, dtype: object
346 294 123 237 233 598 561 485 594 501 10 dist_line    110089
Name: 346, dtype: object
346 69 123 371 183 118 99 262 406 195 115 517 305 13 dist_line    141301
Name: 346, dtype: object
503 311 506 351 418 306 369 315 403 277 402 11 dist_line    129849
Name: 503, dtype: object
503 294 91 233 540 250 513 273 370 518 10 dist_line    116457
Name: 503, dtype: object
285 393 562 80 607 170 193 541 448 485 39 204 12 dist_line    139009
Name: 285, dtype: object
503 69 366 607 399 278 338 520 434 141 583 397 12 dist_line    132959
Name: 503, dtype: object
492 431 506 371 61 194 450 341 83 9 dist_line    119275
Name: 492, dtype: object
492 431 123 607 399 11 369 286 67 560 10 dist_line    124483
Name: 492, dtype: object
492 431 210 136 237 233 375 315 166 594 46 11 dist_line    128421
Name: 492, dtype: object
503 294 239 366 15 468 543 522 447 475 182 304 444 13 dist_line    136325
Name: 503, dtype: object
503 69 506 167 349 531 450 262 400 277 370 11 dist_line    122138
Name: 503, dtype: object
503 69 91 237 74 89 11 403 248 370 10 dist_line    117166
Name: 503, dtype: object
279 303 136 151 61 193 598 245 225 161 299 129 295 219 464 437 16 dist_line    177407
Name: 279, dtype: object
503 294 91 15 540 250 403 286 368 9 dist_line    111768
Name: 503, dtype: object
503 294 562 337 215 502 507 379 186 273 555 277 276 444 14 dist_line    157796
Name: 503, dtype: object
492 431 69 506 237 371 461 543 535 424 400 381 12 dist_line    132240
Name: 492, dtype: object
279 162 55 496 192 480 137 457 59 277 370 11 dist_line    127295
Name: 279, dtype: object
346 200 509 159 267 581 541 262 53 230 204 11 dist_line    130207
Name: 346, dtype: object
279 431 562 337 215 15 183 27 535 520 59 530 518 13 dist_line    148237
Name: 279, dtype: object
279 303 199 607 524 193 288 315 53 248 410 11 dist_line    122829
Name: 279, dtype: object
503 69 239 15 468 377 476 566 12 302 10 dist_line    113875
Name: 503, dtype: object
346 294 91 607 524 194 450 341 83 9 dist_line    110327
Name: 346, dtype: object
346 311 506 75 349 531 450 262 67 436 410 11 dist_line    126958
Name: 346, dtype: object
492 578 136 80 148 278 369 448 67 381 10 dist_line    127757
Name: 492, dtype: object
346 294 136 237 607 56 194 450 448 53 14 204 12 dist_line    123217
Name: 346, dtype: object
503 210 123 91 607 524 193 288 561 403 248 373 12 dist_line    124091
Name: 503, dtype: object
346 294 237 233 89 315 403 277 370 9 dist_line    110628
Name: 346, dtype: object
503 294 239 15 89 11 403 286 397 18 10 dist_line    112022
Name: 503, dtype: object
285 303 562 15 399 306 369 457 340 277 46 11 dist_line    122875
Name: 285, dtype: object
503 210 239 75 61 11 450 566 388 248 528 11 dist_line    137225
Name: 503, dtype: object
503 431 509 151 524 27 338 379 434 273 402 11 dist_line    132116
Name: 503, dtype: object
492 431 509 151 148 282 375 194 403 286 410 11 dist_line    136134
Name: 492, dtype: object
285 578 64 80 237 581 33 206 522 520 388 518 12 dist_line    139638
Name: 285, dtype: object
346 503 431 136 159 603 581 33 118 450 448 59 381 13 dist_line    140906
Name: 346, dtype: object
503 431 91 75 540 278 369 214 67 497 560 11 dist_line    112354
Name: 503, dtype: object
503 311 506 28 170 282 540 315 403 273 12 18 12 dist_line    132266
Name: 503, dtype: object
492 431 210 136 151 349 531 450 262 67 277 364 12 dist_line    130922
Name: 492, dtype: object
279 303 136 607 89 11 166 286 373 560 10 dist_line    122288
Name: 279, dtype: object
503 294 91 607 170 278 265 122 406 583 277 402 12 dist_line    123195
Name: 503, dtype: object
285 57 55 496 192 271 160 173 585 184 314 16 240 13 dist_line    145805
Name: 285, dtype: object
492 200 569 159 170 278 288 122 53 594 410 11 dist_line    130305
Name: 492, dtype: object
503 294 506 351 418 11 450 359 485 425 364 11 dist_line    130680
Name: 503, dtype: object
503 69 237 15 61 11 450 448 555 425 501 11 dist_line    120794
Name: 503, dtype: object
346 311 123 218 399 193 541 113 485 425 364 11 dist_line    125443
Name: 346, dtype: object
503 294 239 371 183 194 450 566 397 497 10 dist_line    115861
Name: 503, dtype: object
346 431 136 607 89 194 450 448 388 436 402 11 dist_line    123518
Name: 346, dtype: object
285 162 562 80 467 36 375 206 513 277 364 11 dist_line    135514
Name: 285, dtype: object
346 311 569 91 75 183 11 369 172 53 594 373 12 dist_line    131997
Name: 346, dtype: object
346 69 80 237 306 2 535 424 555 530 10 dist_line    114762
Name: 346, dtype: object
346 393 562 80 170 282 265 561 53 230 204 11 dist_line    129469
Name: 346, dtype: object
279 303 64 159 237 15 540 206 556 389 481 323 240 13 dist_line    154628
Name: 279, dtype: object
211 57 90 496 192 316 312 335 317 389 266 444 240 13 dist_line    152868
Name: 211, dtype: object
285 303 199 15 418 61 278 535 520 12 518 11 dist_line    123603
Name: 285, dtype: object
279 303 199 159 237 467 74 453 250 513 141 67 12 dist_line    135185
Name: 279, dtype: object
346 294 239 155 33 250 369 273 555 381 10 dist_line    123214
Name: 346, dtype: object
285 303 136 28 56 278 369 457 340 277 402 11 dist_line    121834
Name: 285, dtype: object
503 210 239 155 540 11 166 141 397 302 10 dist_line    112068
Name: 503, dtype: object
346 431 509 9 49 606 58 297 251 196 269 129 477 602 464 437 16 dist_line    166350
Name: 346, dtype: object
279 162 562 80 467 27 338 250 340 277 410 11 dist_line    130813
Name: 279, dtype: object
503 210 123 159 148 155 461 250 450 262 53 277 116 13 dist_line    151482
Name: 503, dtype: object
503 294 239 244 462 206 198 556 583 397 10 dist_line    119002
Name: 503, dtype: object
285 303 343 496 507 480 326 424 388 518 10 dist_line    121514
Name: 285, dtype: object
492 200 569 151 399 278 535 520 388 530 10 dist_line    124343
Name: 492, dtype: object
279 431 136 351 418 282 375 194 369 214 388 518 12 dist_line    137238
Name: 279, dtype: object
279 393 562 80 467 27 142 315 403 594 373 11 dist_line    129921
Name: 279, dtype: object
492 431 136 607 61 250 369 583 397 9 dist_line    114237
Name: 492, dtype: object
285 303 366 351 461 543 476 424 481 483 266 16 240 13 dist_line    137036
Name: 285, dtype: object
279 431 69 123 233 349 27 541 315 403 594 46 12 dist_line    131391
Name: 279, dtype: object
503 431 509 9 482 218 103 207 372 601 225 39 156 13 dist_line    147107
Name: 503, dtype: object
492 578 199 80 108 155 338 250 340 583 501 11 dist_line    130111
Name: 492, dtype: object
285 303 136 607 33 194 450 594 397 9 dist_line    111900
Name: 285, dtype: object
285 162 90 502 507 379 186 566 67 497 10 dist_line    123545
Name: 285, dtype: object
503 69 506 155 89 315 403 594 501 9 dist_line    107342
Name: 503, dtype: object
492 578 417 80 170 27 369 172 340 425 501 11 dist_line    122058
Name: 492, dtype: object
346 503 69 506 237 607 33 11 403 141 436 370 12 dist_line    113399
Name: 346, dtype: object
503 431 64 80 170 282 598 315 403 286 373 497 12 dist_line    121823
Name: 503, dtype: object
279 200 569 28 399 278 369 457 555 530 518 11 dist_line    121175
Name: 279, dtype: object
346 503 200 136 159 170 278 288 584 406 14 528 156 13 dist_line    132060
Name: 346, dtype: object
346 393 562 80 170 306 535 133 388 425 46 501 12 dist_line    136201
Name: 346, dtype: object
346 69 237 75 524 11 450 286 83 497 10 dist_line    114635
Name: 346, dtype: object
279 162 55 90 234 7 480 137 457 59 277 364 12 dist_line    134488
Name: 279, dtype: object
285 303 199 351 418 27 265 315 485 248 368 11 dist_line    121583
Name: 285, dtype: object
346 200 64 80 467 155 89 194 450 141 67 11 dist_line    126848
Name: 346, dtype: object
279 162 90 337 81 553 507 96 556 141 67 11 dist_line    132595
Name: 279, dtype: object
279 200 569 167 524 278 265 584 485 594 373 11 dist_line    137675
Name: 279, dtype: object
503 210 366 15 89 11 403 566 12 421 10 dist_line    119979
Name: 503, dtype: object
285 162 562 80 237 193 541 584 406 14 261 11 dist_line    135605
Name: 285, dtype: object
285 162 55 496 192 588 326 538 513 436 410 11 dist_line    132103
Name: 285, dtype: object
503 431 123 75 399 194 450 566 67 230 156 11 dist_line    131680
Name: 503, dtype: object
285 162 165 90 70 507 543 535 520 144 184 266 518 13 dist_line    151921
Name: 285, dtype: object
285 162 562 80 148 306 338 457 172 340 277 410 12 dist_line    134818
Name: 285, dtype: object
492 200 136 159 524 278 541 457 340 3 67 497 12 dist_line    140057
Name: 492, dtype: object
211 57 55 496 440 466 2 379 556 172 400 436 12 dist_line    142717
Name: 211, dtype: object
492 200 123 159 524 278 288 584 53 248 46 11 dist_line    130521
Name: 492, dtype: object
492 200 136 151 61 36 535 538 388 381 10 dist_line    131173
Name: 492, dtype: object
211 57 90 337 534 466 453 538 284 483 276 518 12 dist_line    132108
Name: 211, dtype: object
346 503 69 237 155 142 198 186 520 59 530 518 12 dist_line    124857
Name: 346, dtype: object
503 210 237 233 541 315 53 594 46 9 dist_line    116284
Name: 503, dtype: object
279 303 136 159 524 27 535 538 144 182 116 11 dist_line    142141
Name: 279, dtype: object
279 162 562 80 108 467 371 540 11 166 566 370 12 dist_line    133851
Name: 279, dtype: object
503 294 237 233 33 194 450 214 397 421 10 dist_line    112482
Name: 503, dtype: object
346 503 69 91 607 540 250 403 248 373 10 dist_line    113946
Name: 346, dtype: object
492 431 136 151 56 306 535 424 388 381 10 dist_line    127390
Name: 492, dtype: object
492 200 76 69 239 75 399 11 450 286 368 11 dist_line    131243
Name: 492, dtype: object
279 578 431 417 80 239 282 33 11 403 286 83 497 13 dist_line    135847
Name: 279, dtype: object
279 303 64 607 170 193 375 457 513 277 364 11 dist_line    122917
Name: 279, dtype: object
492 431 123 607 399 11 450 113 67 436 10 dist_line    121843
Name: 492, dtype: object
211 57 55 496 192 271 160 379 284 483 314 444 240 13 dist_line    157001
Name: 211, dtype: object
492 431 294 136 155 540 194 328 262 485 230 115 437 13 dist_line    153676
Name: 492, dtype: object
503 294 506 28 349 193 99 245 225 589 570 494 12 dist_line    136420
Name: 503, dtype: object
503 294 239 155 89 250 513 583 370 9 dist_line    112639
Name: 503, dtype: object
346 311 123 91 167 399 306 369 457 59 425 364 12 dist_line    130026
Name: 346, dtype: object
503 431 76 9 49 606 87 23 227 301 269 508 464 13 dist_line    147779
Name: 503, dtype: object
285 303 64 80 170 27 369 457 53 3 261 508 464 13 dist_line    141686
Name: 285, dtype: object
503 69 136 15 56 11 450 286 83 604 464 437 12 dist_line    138925
Name: 503, dtype: object
503 311 509 506 75 89 194 450 566 67 39 261 12 dist_line    139974
Name: 503, dtype: object
492 431 69 123 237 28 399 306 522 133 481 16 240 13 dist_line    143299
Name: 492, dtype: object
503 210 80 237 193 541 172 340 248 373 10 dist_line    123651
Name: 503, dtype: object
503 210 80 237 148 155 461 250 403 594 410 11 dist_line    118278
Name: 503, dtype: object
503 294 506 233 33 250 369 513 141 12 10 dist_line    113992
Name: 503, dtype: object
503 210 366 15 468 198 513 277 410 9 dist_line    113984
Name: 503, dtype: object
346 431 91 75 89 194 450 262 406 583 397 11 dist_line    119051
Name: 346, dtype: object
503 311 253 75 89 250 513 583 425 402 10 dist_line    121279
Name: 503, dtype: object
279 303 199 80 467 282 375 245 450 457 513 594 501 13 dist_line    149093
Name: 279, dtype: object
492 200 76 558 253 282 33 122 450 594 397 11 dist_line    125586
Name: 492, dtype: object
285 578 136 151 170 306 535 520 12 277 276 444 12 dist_line    144936
Name: 285, dtype: object
503 294 80 239 74 45 198 166 594 370 10 dist_line    117268
Name: 503, dtype: object
503 311 91 28 56 306 338 315 403 273 400 436 12 dist_line    144369
Name: 503, dtype: object
503 311 91 371 33 11 403 248 46 9 dist_line    117550
Name: 503, dtype: object
346 294 506 495 348 606 154 430 458 196 269 229 295 219 464 437 16 dist_line    161508
Name: 346, dtype: object
503 294 366 351 61 581 461 206 457 513 381 46 12 dist_line    137608
Name: 503, dtype: object
346 200 123 159 524 193 288 262 53 230 204 11 dist_line    122805
Name: 346, dtype: object
503 311 253 218 474 263 201 104 43 129 295 517 305 13 dist_line    153770
Name: 503, dtype: object
346 176 76 167 49 193 375 457 172 403 277 402 12 dist_line    139749
Name: 346, dtype: object
503 69 237 233 598 122 406 594 46 9 dist_line    113070
Name: 503, dtype: object
279 431 506 371 89 11 450 3 83 9 dist_line    120086
Name: 279, dtype: object
285 303 366 15 399 278 453 315 403 141 370 11 dist_line    129468
Name: 285, dtype: object
503 210 239 74 155 89 315 403 277 402 10 dist_line    117331
Name: 503, dtype: object
346 431 91 607 89 194 450 248 397 9 dist_line    110680
Name: 346, dtype: object
503 69 366 15 461 543 535 538 388 277 364 11 dist_line    123155
Name: 503, dtype: object
211 291 365 552 55 234 192 171 326 447 481 323 304 13 dist_line    132961
Name: 211, dtype: object
279 303 199 15 56 11 450 286 67 381 10 dist_line    122062
Name: 279, dtype: object
503 431 199 80 237 278 375 262 485 436 364 11 dist_line    126875
Name: 503, dtype: object
503 69 506 607 89 250 166 214 368 302 10 dist_line    111984
Name: 503, dtype: object
503 431 506 28 61 193 265 359 225 39 204 11 dist_line    126143
Name: 503, dtype: object
279 431 506 371 461 543 476 133 101 323 240 11 dist_line    130941
Name: 279, dtype: object
503 69 506 155 33 118 450 448 59 425 364 11 dist_line    126900
Name: 503, dtype: object
285 303 199 80 467 218 33 315 403 3 370 530 12 dist_line    136281
Name: 285, dtype: object
503 431 506 371 183 531 99 359 225 230 204 11 dist_line    124277
Name: 503, dtype: object
346 69 91 495 348 533 236 347 287 226 350 517 464 13 dist_line    143890
Name: 346, dtype: object
346 294 239 371 349 581 99 122 251 601 225 181 570 587 464 437 16 dist_line    165658
Name: 346, dtype: object
346 294 239 371 33 11 403 141 436 370 10 dist_line    117254
Name: 346, dtype: object
279 431 136 167 49 282 89 561 403 583 436 46 12 dist_line    131864
Name: 279, dtype: object
279 303 562 15 399 278 598 118 450 262 225 181 373 494 14 dist_line    155668
Name: 279, dtype: object
346 69 80 237 306 2 250 403 141 12 10 dist_line    118982
Name: 346, dtype: object
346 503 431 64 294 91 159 267 606 58 175 60 374 270 196 43 280 295 219 464 437 21 dist_line    191620
Name: 346, dtype: object
346 294 123 28 349 193 598 315 53 3 410 11 dist_line    120373
Name: 346, dtype: object
503 69 91 237 233 375 315 406 248 156 437 11 dist_line    129652
Name: 503, dtype: object
492 431 562 80 148 306 461 315 450 566 400 518 12 dist_line    142810
Name: 492, dtype: object
211 568 344 165 573 124 466 468 11 450 566 12 370 421 14 dist_line    154933
Name: 211, dtype: object
503 294 506 75 524 11 450 448 400 436 10 dist_line    114780
Name: 503, dtype: object
346 200 136 159 524 581 328 584 485 248 156 105 464 13 dist_line    145153
Name: 346, dtype: object
492 431 506 75 170 282 288 584 53 583 410 11 dist_line    132131
Name: 492, dtype: object
285 303 562 351 399 36 535 172 555 436 10 dist_line    124194
Name: 285, dtype: object
285 578 562 80 607 170 193 598 122 450 286 368 12 dist_line    135401
Name: 285, dtype: object
503 210 80 237 193 541 315 53 594 370 10 dist_line    117655
Name: 503, dtype: object
503 294 237 74 61 11 450 341 83 9 dist_line    117708
Name: 503, dtype: object
492 200 509 569 167 349 531 450 448 400 436 501 12 dist_line    124635
Name: 492, dtype: object
346 431 91 607 61 278 369 538 513 436 402 11 dist_line    124042
Name: 346, dtype: object
285 162 90 573 345 24 160 379 186 273 388 583 397 302 14 dist_line    142427
Name: 285, dtype: object
285 303 199 80 148 306 541 122 406 341 156 11 dist_line    132435
Name: 285, dtype: object
503 294 237 218 349 23 236 601 225 301 269 129 295 517 464 15 dist_line    166149
Name: 503, dtype: object
492 431 91 75 349 194 450 214 397 518 10 dist_line    125230
Name: 492, dtype: object
346 503 69 136 28 61 193 99 262 485 583 370 18 13 dist_line    128029
Name: 346, dtype: object
503 69 506 371 56 27 288 561 225 181 570 609 464 13 dist_line    149367
Name: 503, dtype: object
279 578 76 294 366 244 468 198 166 594 410 11 dist_line    135879
Name: 279, dtype: object
503 294 237 75 61 193 288 113 485 14 156 11 dist_line    124531
Name: 503, dtype: object
492 431 91 607 170 282 142 194 450 214 53 230 528 13 dist_line    145824
Name: 492, dtype: object
503 431 123 151 61 27 598 250 513 273 397 302 12 dist_line    128400
Name: 503, dtype: object
346 294 239 15 89 11 403 141 402 9 dist_line    117627
Name: 346, dtype: object
346 294 123 218 33 11 166 566 400 302 10 dist_line    110178
Name: 346, dtype: object
492 431 91 167 399 27 453 198 434 483 304 444 12 dist_line    141956
Name: 492, dtype: object
346 431 417 69 123 75 33 194 450 3 83 11 dist_line    121196
Name: 346, dtype: object
346 294 239 28 399 278 369 538 144 483 266 444 240 13 dist_line    149502
Name: 346, dtype: object
492 578 136 80 148 278 598 122 403 594 46 11 dist_line    132793
Name: 492, dtype: object
503 210 366 244 468 198 166 214 67 497 10 dist_line    116996
Name: 503, dtype: object
503 210 562 351 418 278 369 538 101 483 276 444 12 dist_line    134147
Name: 503, dtype: object
346 294 237 371 418 543 535 424 555 425 46 11 dist_line    119600
Name: 346, dtype: object
503 431 569 151 524 282 541 315 53 248 410 11 dist_line    118538
Name: 503, dtype: object
346 200 123 28 467 74 2 206 556 566 397 560 12 dist_line    123733
Name: 346, dtype: object
492 431 69 506 155 540 315 403 583 402 10 dist_line    121521
Name: 492, dtype: object
279 162 55 90 573 345 24 326 538 340 277 364 12 dist_line    132657
Name: 279, dtype: object
346 503 431 76 569 167 349 531 450 172 555 518 12 dist_line    128916
Name: 346, dtype: object
503 210 366 351 183 278 598 561 485 436 364 11 dist_line    131817
Name: 503, dtype: object
503 69 366 151 418 27 375 206 538 284 273 555 302 13 dist_line    132118
Name: 503, dtype: object
211 57 90 496 192 480 326 447 93 182 304 444 12 dist_line    136889
Name: 211, dtype: object
211 291 344 82 534 316 453 11 403 594 501 11 dist_line    132998
Name: 211, dtype: object
279 431 509 569 167 183 193 288 561 485 14 156 12 dist_line    129577
Name: 279, dtype: object
279 393 562 80 170 282 541 122 225 14 373 11 dist_line    128761
Name: 279, dtype: object
503 69 123 351 148 543 535 457 403 277 501 11 dist_line    128709
Name: 503, dtype: object
279 431 506 371 33 11 166 141 67 9 dist_line    115166
Name: 279, dtype: object
279 162 562 80 467 36 535 424 388 530 10 dist_line    127065
Name: 279, dtype: object
285 303 64 607 170 194 288 99 286 67 497 11 dist_line    119768
Name: 285, dtype: object
503 200 76 569 167 603 233 89 194 450 113 485 381 46 14 dist_line    132306
Name: 503, dtype: object
285 303 64 562 15 418 27 338 250 403 214 67 560 13 dist_line    123262
Name: 285, dtype: object
503 294 91 237 74 453 250 513 141 370 10 dist_line    113890
Name: 503, dtype: object
503 294 366 371 33 194 450 141 555 436 10 dist_line    118475
Name: 503, dtype: object
503 210 239 244 468 377 476 141 397 9 dist_line    114552
Name: 503, dtype: object
346 311 506 371 349 531 328 448 485 436 364 11 dist_line    130093
Name: 346, dtype: object
503 210 366 74 155 183 278 535 520 12 277 402 12 dist_line    133151
Name: 503, dtype: object
503 294 237 607 540 250 513 583 402 9 dist_line    112223
Name: 503, dtype: object
285 303 562 15 61 306 541 206 284 273 402 11 dist_line    137341
Name: 285, dtype: object
279 431 506 167 267 155 540 250 403 583 370 11 dist_line    129990
Name: 279, dtype: object
503 210 80 237 233 349 11 450 3 67 560 11 dist_line    122539
Name: 503, dtype: object
503 210 366 74 462 206 166 286 368 9 dist_line    116585
Name: 503, dtype: object
279 303 199 15 418 11 450 262 67 436 10 dist_line    119678
Name: 279, dtype: object
