346 294 237 233 142 206 340 273 116 319 240 11 dist_line    134346
Name: 346, dtype: object
279 431 123 75 33 306 453 538 513 483 266 530 518 13 dist_line    149786
Name: 279, dtype: object
285 303 64 159 237 155 338 457 59 277 364 11 dist_line    126212
Name: 285, dtype: object
279 162 562 80 108 155 89 194 450 566 555 530 518 13 dist_line    138875
Name: 279, dtype: object
346 311 123 91 151 61 278 535 520 555 530 518 12 dist_line    123131
Name: 346, dtype: object
285 162 562 80 170 27 265 245 406 248 370 11 dist_line    138119
Name: 285, dtype: object
492 578 136 151 399 36 543 535 566 67 18 11 dist_line    126871
Name: 492, dtype: object
503 69 123 28 183 194 450 214 53 14 156 11 dist_line    130781
Name: 503, dtype: object
503 210 237 155 453 11 99 113 67 436 10 dist_line    127743
Name: 503, dtype: object
346 69 91 237 15 183 27 369 172 485 14 204 12 dist_line    136197
Name: 346, dtype: object
346 200 417 80 467 282 375 315 53 594 410 11 dist_line    123287
Name: 346, dtype: object
285 162 562 80 237 170 233 541 315 53 341 156 12 dist_line    139412
Name: 285, dtype: object
492 200 123 159 349 581 375 245 450 448 485 277 364 13 dist_line    138433
Name: 492, dtype: object
503 431 509 9 603 218 87 23 227 301 269 508 464 13 dist_line    146846
Name: 503, dtype: object
346 311 569 218 349 581 598 122 225 14 156 11 dist_line    125359
Name: 346, dtype: object
503 210 80 237 148 306 142 198 513 583 277 370 12 dist_line    123373
Name: 503, dtype: object
346 431 509 151 524 278 541 561 53 436 46 11 dist_line    126858
Name: 346, dtype: object
346 69 506 218 33 315 403 425 46 9 dist_line    111880
Name: 346, dtype: object
346 503 69 237 74 540 206 556 141 12 10 dist_line    116709
Name: 346, dtype: object
492 431 64 80 237 27 375 172 340 277 364 11 dist_line    124793
Name: 492, dtype: object
503 69 91 151 524 278 369 448 53 436 501 11 dist_line    116935
Name: 503, dtype: object
346 176 275 537 390 190 127 263 227 472 269 609 464 13 dist_line    155418
Name: 346, dtype: object
503 311 506 28 183 581 598 561 406 583 368 11 dist_line    127897
Name: 503, dtype: object
503 294 80 237 607 524 11 369 273 388 518 11 dist_line    116918
Name: 503, dtype: object
285 303 366 15 89 11 166 214 397 518 10 dist_line    119979
Name: 285, dtype: object
279 431 562 80 148 306 312 379 434 483 304 444 12 dist_line    139854
Name: 279, dtype: object
492 431 76 167 267 193 541 122 406 248 501 11 dist_line    131022
Name: 492, dtype: object
285 303 136 607 89 194 450 3 83 9 dist_line    118409
Name: 285, dtype: object
346 294 91 28 170 278 2 194 450 248 397 11 dist_line    128099
Name: 346, dtype: object
503 69 239 74 453 250 166 594 501 9 dist_line    112679
Name: 503, dtype: object
492 431 91 607 56 543 2 520 101 182 276 11 dist_line    134401
Name: 492, dtype: object
285 303 136 28 61 306 522 520 555 425 501 11 dist_line    124824
Name: 285, dtype: object
503 210 239 371 349 531 450 262 67 436 501 11 dist_line    123887
Name: 503, dtype: object
503 210 239 496 192 466 453 206 340 583 501 11 dist_line    131646
Name: 503, dtype: object
285 303 199 80 148 27 278 375 172 513 248 368 12 dist_line    132443
Name: 285, dtype: object
346 431 91 75 524 118 99 286 67 421 10 dist_line    119749
Name: 346, dtype: object
503 69 239 366 15 45 377 284 273 12 444 240 12 dist_line    135986
Name: 503, dtype: object
503 311 136 28 183 27 541 315 53 3 368 11 dist_line    127603
Name: 503, dtype: object
492 431 562 80 108 75 349 118 450 286 83 494 12 dist_line    152362
Name: 492, dtype: object
279 431 294 123 74 418 89 11 166 141 12 421 12 dist_line    129238
Name: 279, dtype: object
503 294 91 351 418 11 450 286 83 105 305 11 dist_line    134535
Name: 503, dtype: object
279 303 562 80 467 27 375 262 485 248 370 11 dist_line    124323
Name: 279, dtype: object
346 503 69 91 15 468 198 513 583 46 10 dist_line    114745
Name: 346, dtype: object
279 303 562 15 56 11 450 341 83 9 dist_line    119807
Name: 279, dtype: object
492 200 136 28 183 193 99 584 406 583 370 11 dist_line    126134
Name: 492, dtype: object
285 578 136 80 467 306 338 457 555 425 370 11 dist_line    120719
Name: 285, dtype: object
279 431 294 123 218 399 11 450 341 83 10 dist_line    124636
Name: 279, dtype: object
492 431 509 167 170 27 278 541 194 403 3 370 518 13 dist_line    142202
Name: 492, dtype: object
492 200 136 151 56 306 369 457 388 530 10 dist_line    123984
Name: 492, dtype: object
503 294 91 371 349 207 236 407 109 196 269 422 464 437 14 dist_line    153183
Name: 503, dtype: object
346 200 509 151 170 306 369 561 53 425 46 11 dist_line    125155
Name: 346, dtype: object
346 503 69 239 28 418 278 369 561 406 195 261 12 dist_line    134916
Name: 346, dtype: object
492 200 509 151 524 27 142 11 166 141 402 11 dist_line    131981
Name: 492, dtype: object
285 393 562 80 253 218 33 315 403 277 501 11 dist_line    132583
Name: 285, dtype: object
279 431 136 75 61 11 369 214 397 560 10 dist_line    117438
Name: 279, dtype: object
503 69 91 218 33 118 450 561 406 14 204 11 dist_line    130012
Name: 503, dtype: object
492 431 123 75 56 193 328 584 485 248 156 437 12 dist_line    144976
Name: 492, dtype: object
492 200 569 151 524 193 288 448 485 381 46 11 dist_line    127879
Name: 492, dtype: object
503 210 506 28 170 27 598 315 485 248 528 11 dist_line    125701
Name: 503, dtype: object
503 69 123 607 183 278 598 245 225 181 570 508 464 13 dist_line    144402
Name: 503, dtype: object
492 431 210 136 74 56 278 288 315 340 583 402 12 dist_line    140775
Name: 492, dtype: object
503 210 91 151 349 581 288 113 485 248 368 11 dist_line    114558
Name: 503, dtype: object
346 311 506 151 56 193 99 113 400 436 10 dist_line    127046
Name: 346, dtype: object
346 176 275 590 451 65 592 241 469 601 287 226 477 602 464 437 16 dist_line    165063
Name: 346, dtype: object
492 431 69 506 28 418 278 288 122 53 3 373 12 dist_line    128890
Name: 492, dtype: object
503 69 237 218 33 250 369 172 340 277 364 11 dist_line    116424
Name: 503, dtype: object
492 200 123 159 49 218 474 531 450 448 388 594 528 13 dist_line    157023
Name: 492, dtype: object
346 503 69 237 155 375 250 403 286 67 497 11 dist_line    115975
Name: 346, dtype: object
285 162 562 80 170 278 265 315 403 583 370 11 dist_line    132236
Name: 285, dtype: object
503 69 239 366 351 56 278 2 335 284 566 400 18 13 dist_line    136301
Name: 503, dtype: object
492 200 123 151 56 193 288 122 53 248 156 494 12 dist_line    138913
Name: 492, dtype: object
211 57 536 165 215 466 2 538 513 3 83 11 dist_line    138150
Name: 211, dtype: object
285 303 343 496 507 97 522 520 59 277 402 11 dist_line    131719
Name: 285, dtype: object
492 431 506 159 524 278 598 561 485 277 364 11 dist_line    132057
Name: 492, dtype: object
346 294 506 351 418 194 450 594 397 9 dist_line    113784
Name: 346, dtype: object
492 578 562 80 170 282 288 122 53 248 12 518 12 dist_line    139837
Name: 492, dtype: object
503 294 237 233 33 206 522 141 12 9 dist_line    117611
Name: 503, dtype: object
503 210 237 155 375 315 53 248 156 437 10 dist_line    129108
Name: 503, dtype: object
346 393 562 80 170 278 265 122 53 594 261 604 464 437 14 dist_line    162646
Name: 346, dtype: object
279 162 562 80 170 193 99 584 406 583 368 11 dist_line    136345
Name: 279, dtype: object
503 431 91 75 524 11 369 113 53 277 501 11 dist_line    122000
Name: 503, dtype: object
503 294 506 155 33 315 403 286 410 9 dist_line    112591
Name: 503, dtype: object
492 431 509 569 28 467 193 541 262 485 594 528 12 dist_line    134858
Name: 492, dtype: object
492 431 136 607 418 36 535 424 400 277 402 11 dist_line    131125
Name: 492, dtype: object
285 303 136 28 61 27 338 250 513 273 397 302 12 dist_line    127405
Name: 285, dtype: object
346 200 569 159 603 218 183 27 265 245 469 196 269 129 295 219 464 437 18 dist_line    186900
Name: 346, dtype: object
492 200 123 159 349 193 99 262 406 39 115 437 12 dist_line    141725
Name: 492, dtype: object
346 503 69 366 351 170 278 535 520 388 381 11 dist_line    127070
Name: 346, dtype: object
492 431 69 506 28 399 306 535 133 513 277 501 12 dist_line    130275
Name: 492, dtype: object
503 210 506 28 61 193 598 584 406 425 46 11 dist_line    130643
Name: 503, dtype: object
503 294 237 218 183 194 450 286 397 497 10 dist_line    112870
Name: 503, dtype: object
503 431 562 337 42 316 468 198 166 3 368 11 dist_line    133499
Name: 503, dtype: object
503 294 366 607 349 193 541 584 406 341 373 11 dist_line    126369
Name: 503, dtype: object
492 431 136 151 56 27 535 520 555 425 276 444 12 dist_line    144523
Name: 492, dtype: object
503 69 239 366 351 399 306 338 457 340 248 410 12 dist_line    127318
Name: 503, dtype: object
503 69 237 155 462 377 556 133 555 436 10 dist_line    117960
Name: 503, dtype: object
503 210 366 371 418 11 450 3 67 560 10 dist_line    121578
Name: 503, dtype: object
285 162 90 502 507 191 322 149 93 319 240 11 dist_line    137233
Name: 285, dtype: object
503 69 237 74 89 11 403 248 397 9 dist_line    113834
Name: 503, dtype: object
346 69 239 366 15 468 96 369 457 59 436 46 12 dist_line    125345
Name: 346, dtype: object
211 57 536 212 255 271 32 439 475 483 116 11 dist_line    142297
Name: 211, dtype: object
285 57 536 573 42 316 312 198 513 277 364 11 dist_line    127823
Name: 285, dtype: object
346 311 569 151 467 233 33 245 450 584 406 14 570 508 295 219 464 437 18 dist_line    183155
Name: 346, dtype: object
346 69 237 155 375 194 403 3 67 530 518 11 dist_line    121842
Name: 346, dtype: object
279 431 294 136 237 155 338 206 513 141 368 560 12 dist_line    121791
Name: 279, dtype: object
492 578 76 9 49 218 89 11 403 286 373 494 12 dist_line    147245
Name: 492, dtype: object
285 162 562 80 148 27 541 245 225 3 368 11 dist_line    139659
Name: 285, dtype: object
285 57 55 496 440 466 462 538 556 273 370 421 12 dist_line    134037
Name: 285, dtype: object
503 69 506 607 349 531 450 359 485 248 501 11 dist_line    126136
Name: 503, dtype: object
346 311 123 28 399 581 265 315 485 583 116 444 12 dist_line    143906
Name: 346, dtype: object
503 210 506 218 349 207 236 347 185 135 299 602 464 437 14 dist_line    159294
Name: 503, dtype: object
346 431 506 371 61 194 450 262 406 230 528 11 dist_line    120548
Name: 346, dtype: object
503 69 237 74 45 206 457 513 277 364 10 dist_line    112557
Name: 503, dtype: object
346 503 431 136 151 418 278 288 584 225 39 204 12 dist_line    127350
Name: 346, dtype: object
503 69 123 218 33 315 403 425 410 9 dist_line    111567
Name: 503, dtype: object
279 393 562 80 607 170 194 265 262 485 14 156 12 dist_line    133645
Name: 279, dtype: object
503 294 506 495 348 103 606 154 407 325 313 299 602 464 437 15 dist_line    158827
Name: 503, dtype: object
503 210 366 74 45 198 340 594 501 9 dist_line    113512
Name: 503, dtype: object
211 57 90 496 192 480 326 424 388 518 10 dist_line    127062
Name: 211, dtype: object
492 200 417 80 170 278 142 118 99 113 53 39 528 13 dist_line    146692
Name: 492, dtype: object
492 578 136 151 183 306 453 538 513 594 370 11 dist_line    137878
Name: 492, dtype: object
279 200 509 80 253 75 349 531 288 113 406 230 204 13 dist_line    144060
Name: 279, dtype: object
503 431 509 9 253 218 61 11 450 262 53 230 156 13 dist_line    137125
Name: 503, dtype: object
279 303 562 337 215 36 461 206 513 277 402 11 dist_line    130700
Name: 279, dtype: object
346 503 200 509 167 349 531 288 262 400 425 370 12 dist_line    119779
Name: 346, dtype: object
279 431 506 607 89 194 369 448 67 381 10 dist_line    130585
Name: 279, dtype: object
279 162 562 80 467 155 2 198 340 594 373 11 dist_line    138103
Name: 279, dtype: object
346 503 69 506 74 461 198 284 141 397 10 dist_line    118067
Name: 346, dtype: object
503 210 506 74 461 250 403 286 397 302 10 dist_line    117469
Name: 503, dtype: object
279 303 199 562 337 440 466 312 96 284 273 402 12 dist_line    131581
Name: 279, dtype: object
279 431 69 123 151 524 278 338 424 434 323 276 12 dist_line    133849
Name: 279, dtype: object
279 431 506 75 183 11 450 341 83 9 dist_line    119163
Name: 279, dtype: object
492 578 136 151 183 278 598 122 403 594 402 11 dist_line    141867
Name: 492, dtype: object
346 503 69 239 15 142 250 340 277 364 10 dist_line    111395
Name: 346, dtype: object
279 303 562 15 399 306 369 315 403 425 370 11 dist_line    129533
Name: 279, dtype: object
346 503 69 136 371 399 11 369 214 67 18 11 dist_line    112479
Name: 346, dtype: object
346 311 123 371 61 11 450 341 83 9 dist_line    120059
Name: 346, dtype: object
285 303 366 15 453 377 556 273 67 425 364 11 dist_line    123315
Name: 285, dtype: object
503 69 91 75 61 11 369 286 67 230 204 11 dist_line    126228
Name: 503, dtype: object
346 294 506 75 89 250 513 273 116 444 10 dist_line    126071
Name: 346, dtype: object
503 393 562 80 467 155 461 250 403 286 83 508 305 13 dist_line    146968
Name: 503, dtype: object
503 210 506 371 33 194 99 286 67 302 10 dist_line    117385
Name: 503, dtype: object
285 162 562 80 467 278 453 315 403 248 528 11 dist_line    142566
Name: 285, dtype: object
492 200 123 28 61 193 338 206 284 273 402 11 dist_line    137342
Name: 492, dtype: object
285 393 562 80 253 218 89 250 403 248 46 11 dist_line    138738
Name: 285, dtype: object
346 69 123 28 524 193 328 245 406 341 261 11 dist_line    123152
Name: 346, dtype: object
346 69 237 74 155 33 11 450 341 83 10 dist_line    120981
Name: 346, dtype: object
346 69 239 607 33 531 99 113 53 425 402 11 dist_line    129096
Name: 346, dtype: object
279 431 136 607 61 194 450 113 400 436 10 dist_line    116745
Name: 279, dtype: object
503 311 506 607 56 250 369 403 594 368 10 dist_line    116884
Name: 503, dtype: object
279 431 76 80 148 27 2 206 166 594 370 11 dist_line    131348
Name: 279, dtype: object
279 431 417 159 603 282 33 245 450 448 400 381 12 dist_line    140705
Name: 279, dtype: object
346 431 64 80 108 467 371 399 11 450 566 12 18 13 dist_line    130728
Name: 346, dtype: object
285 303 366 15 461 543 476 538 388 436 10 dist_line    118334
Name: 285, dtype: object
346 294 239 155 461 11 403 594 410 9 dist_line    113972
Name: 346, dtype: object
492 200 136 151 399 27 288 584 225 14 204 11 dist_line    129279
Name: 492, dtype: object
503 311 253 218 349 11 450 3 67 560 10 dist_line    118504
Name: 503, dtype: object
503 294 506 233 33 561 403 583 501 9 dist_line    107578
Name: 503, dtype: object
492 200 123 159 524 193 288 359 458 313 299 602 464 437 14 dist_line    164258
Name: 492, dtype: object
346 69 506 237 233 33 245 450 3 83 10 dist_line    118900
Name: 346, dtype: object
503 69 91 607 89 11 403 286 83 508 464 11 dist_line    125872
Name: 503, dtype: object
503 431 569 167 524 278 288 122 225 195 156 11 dist_line    129310
Name: 503, dtype: object
503 311 253 218 474 531 450 448 555 425 364 11 dist_line    128347
Name: 503, dtype: object
503 294 237 607 399 194 450 214 67 302 10 dist_line    110249
Name: 503, dtype: object
211 57 55 496 440 306 338 561 403 277 402 11 dist_line    133996
Name: 211, dtype: object
279 431 506 371 89 11 369 273 555 302 10 dist_line    121259
Name: 279, dtype: object
346 503 69 239 75 56 27 2 206 340 277 364 12 dist_line    127795
Name: 346, dtype: object
346 311 506 351 74 418 194 99 448 485 497 11 dist_line    123719
Name: 346, dtype: object
503 210 506 91 75 61 194 450 3 83 10 dist_line    121431
Name: 503, dtype: object
279 162 90 502 507 173 394 272 101 182 304 444 12 dist_line    141863
Name: 279, dtype: object
279 393 562 80 366 244 468 250 369 403 248 46 12 dist_line    130927
Name: 279, dtype: object
279 303 136 607 33 11 403 594 501 9 dist_line    113650
Name: 279, dtype: object
346 431 64 294 237 233 540 11 166 141 67 11 dist_line    126646
Name: 346, dtype: object
492 431 91 75 540 278 265 315 485 341 261 11 dist_line    135394
Name: 492, dtype: object
503 69 91 233 33 250 369 141 555 425 368 11 dist_line    115268
Name: 503, dtype: object
346 69 136 159 49 218 474 531 288 450 359 458 161 477 219 464 437 17 dist_line    179687
Name: 346, dtype: object
503 210 80 237 170 306 375 172 403 583 46 11 dist_line    120320
Name: 503, dtype: object
279 431 562 80 440 244 312 379 317 149 307 323 240 13 dist_line    152090
Name: 279, dtype: object
492 431 417 159 603 581 33 11 403 3 12 530 12 dist_line    142589
Name: 492, dtype: object
492 431 562 80 148 27 541 584 225 39 528 204 12 dist_line    142018
Name: 492, dtype: object
346 200 76 558 253 581 33 193 288 561 340 273 116 444 14 dist_line    148268
Name: 346, dtype: object
346 200 136 28 524 282 541 122 225 14 204 11 dist_line    124768
Name: 346, dtype: object
285 162 90 573 192 588 312 206 513 583 436 46 12 dist_line    130752
Name: 285, dtype: object
503 294 366 371 33 194 450 286 83 105 464 11 dist_line    134452
Name: 503, dtype: object
346 311 506 371 399 250 369 566 400 530 10 dist_line    117042
Name: 346, dtype: object
279 431 509 151 524 306 453 172 513 277 116 11 dist_line    138915
Name: 279, dtype: object
492 200 76 558 49 581 541 315 53 594 410 11 dist_line    128838
Name: 492, dtype: object
279 431 294 136 75 33 11 403 248 368 10 dist_line    115853
Name: 279, dtype: object
503 210 366 371 349 207 236 134 325 383 479 360 477 219 464 437 16 dist_line    176508
Name: 503, dtype: object
279 431 136 75 183 194 450 341 83 9 dist_line    117024
Name: 279, dtype: object
346 294 239 74 468 206 166 3 368 9 dist_line    116571
Name: 346, dtype: object
346 294 123 371 418 11 450 3 83 9 dist_line    118382
Name: 346, dtype: object
346 69 237 74 155 89 315 403 277 370 10 dist_line    116210
Name: 346, dtype: object
503 294 80 237 581 33 531 450 262 485 14 204 12 dist_line    131170
Name: 503, dtype: object
346 431 91 159 349 193 99 359 405 39 305 11 dist_line    129330
Name: 346, dtype: object
492 578 562 80 148 233 598 122 225 14 528 11 dist_line    140655
Name: 492, dtype: object
279 393 77 165 337 215 74 462 198 513 583 370 12 dist_line    126779
Name: 279, dtype: object
503 69 506 237 74 155 89 118 99 448 67 436 12 dist_line    126060
Name: 503, dtype: object
346 311 123 75 89 250 166 286 12 518 10 dist_line    126119
Name: 346, dtype: object
346 503 69 366 74 462 377 522 566 67 518 11 dist_line    124499
Name: 346, dtype: object
285 303 55 337 192 316 45 206 340 277 410 11 dist_line    134136
Name: 285, dtype: object
279 393 417 210 239 366 351 540 278 265 245 406 3 261 105 464 16 dist_line    159925
Name: 279, dtype: object
503 311 123 167 399 193 328 430 458 181 570 105 464 13 dist_line    150870
Name: 503, dtype: object
346 294 91 237 218 61 194 450 341 83 10 dist_line    119196
Name: 346, dtype: object
285 162 562 80 607 170 306 375 250 513 583 368 12 dist_line    137967
Name: 285, dtype: object
503 210 294 136 28 75 524 531 265 561 406 248 156 508 464 15 dist_line    151919
Name: 503, dtype: object
285 393 562 80 28 467 27 278 375 172 513 594 410 13 dist_line    141472
Name: 285, dtype: object
285 303 562 351 399 581 288 113 485 302 10 dist_line    117130
Name: 285, dtype: object
346 69 239 366 607 399 581 288 99 122 406 594 402 13 dist_line    129393
Name: 346, dtype: object
492 200 569 28 399 278 598 584 225 14 204 11 dist_line    132276
Name: 492, dtype: object
346 200 76 9 267 218 87 207 328 245 225 195 261 13 dist_line    133947
Name: 346, dtype: object
346 311 506 607 540 11 403 594 368 9 dist_line    115577
Name: 346, dtype: object
346 294 506 237 155 540 198 556 434 273 397 530 12 dist_line    128541
Name: 346, dtype: object
503 311 91 607 540 250 403 248 410 9 dist_line    113689
Name: 503, dtype: object
492 431 294 123 233 183 194 450 286 83 105 464 12 dist_line    137349
Name: 492, dtype: object
346 294 237 155 453 11 450 214 12 518 10 dist_line    124210
Name: 346, dtype: object
492 431 123 28 524 193 99 359 485 425 501 11 dist_line    131160
Name: 492, dtype: object
346 431 91 607 418 581 99 561 53 14 204 11 dist_line    129393
Name: 346, dtype: object
285 303 562 80 108 467 233 541 315 403 248 368 12 dist_line    130381
Name: 285, dtype: object
503 431 64 294 136 159 524 27 453 250 513 141 402 13 dist_line    139801
Name: 503, dtype: object
285 303 366 15 89 11 403 3 501 9 dist_line    112501
Name: 285, dtype: object
285 303 136 607 56 250 369 566 12 421 10 dist_line    117019
Name: 285, dtype: object
285 162 64 80 148 278 375 172 340 594 46 11 dist_line    134617
Name: 285, dtype: object
503 69 237 233 598 250 403 583 277 402 10 dist_line    117384
Name: 503, dtype: object
503 294 239 74 45 198 340 594 501 9 dist_line    112048
Name: 503, dtype: object
346 294 239 244 468 206 166 594 410 9 dist_line    114720
Name: 346, dtype: object
285 162 562 80 467 371 61 11 450 286 368 11 dist_line    132866
Name: 285, dtype: object
285 303 64 562 351 418 278 369 172 53 425 368 12 dist_line    127075
Name: 285, dtype: object
